-च्या_वाट्याला_जाणे 03 01 0400 01 00011569
-च्या_वाट्याला_येणे 03 01 0400 01 00011569
-च्याकडे_जाणे 03 01 0400 01 00011569
null 03 01 0400 41 00013604 00010231 00009829 00009394 00009347 00011163 00009925 00008927 00007301 00010276 00000239 00019099 00023173 00011977 00053362 00052442 00051693 00051376 00051222 00007114 00006455 00006345 00004429 00004247 00004277 00003491 00003435 00003433 00003288 00002429 00004898 00005023 00005927 00005786 00005532 00051539 00005510 00005229 00005129 00053273 00001307
अंकुर_फुटणे 03 01 0400 01 00003741
अंकुरणे 03 01 0400 01 00003741
अंगावर_येणे 03 01 0400 01 00011235
अंगीकारणे 03 01 0400 01 00002015
अंतरणे 03 00 01 00051101
अंथरणे 03 01 0400 02 00004604 00013571
अंथरूण_पुरवणे 03 01 0400 01 00052737
अंदाज_करणे 03 01 0400 01 00015058
अंदाज_लावणे 03 01 0400 01 00015058
अंदाज_करणे 03 01 0400 01 00011176
अंदाज_बांधणे 03 01 0400 01 00011176
अंदाजाच्या_वर_लागणे 03 01 0400 01 00011864
अंदाजापेक्षा_अधिक_लागणे 03 01 0400 01 00011864
अंदाजापेक्षा_जास्त_लागणे 03 01 0400 01 00011864
अंधारणे 03 01 0400 01 00054016
अकडणे 03 01 0400 01 00014138
अकसणे 03 01 0400 01 00011857
अक्कडबाजी_करणे 03 01 0400 01 00014138
अक्रसणे 03 01 0400 01 00010230
अखडणे 03 01 0400 01 00015301
अखूडणे 03 01 0400 01 00011857
अचंबित_होणे 03 01 0400 01 00011474
अजमावणे 03 01 0400 01 00004240
अजमासणे 03 01 0400 01 00011176
अटकणे 03 01 0400 02 00003876 00002529
अटकवणे 03 01 0400 01 00051365
अटवणे 03 01 0400 02 00054127 00011486
अटविणे 03 01 0400 01 00011486
अठवणे 03 01 0400 01 00054266
अडकणे 03 01 0400 05 00003876 00009570 00002529 00007104 00012319
अडकवणे 03 01 0400 06 00051365 00053225 00053226 00053226 00011621 00015066
अडकविणे 03 01 0400 02 00011621 00015066
अडखळणे 03 01 0400 01 00010300
अडणे 03 01 0400 02 00054207 00012321
अडवणे 03 01 0400 04 00010745 00054208 00010746 00011130
अडविणे 03 01 0400 02 00010746 00011130
अदलाबदल_करणे 03 01 0400 01 00007122
अधिक_होणे 03 01 0400 01 00011447
अधीर_होणे 03 01 0400 01 00019302
अध्ययन_करणे 03 01 0400 01 00011727
अनादर_करणे 03 01 0400 02 00000589 00005785
अनुकूल_असणे 03 01 0400 01 00005611
अनुभवणे 03 01 0400 02 00017567 00013563
अनुमती_देणे 03 01 0400 01 00007596
अनुमोदन_देणे 03 01 0400 01 00051931
अनुवादणे 03 01 0400 01 00054672
अनुसरणे 03 01 0400 01 00054119
अपमान_करणे 03 01 0400 01 00000589
अपमान_गिळणे 03 01 0400 01 00000590
अपमान_सहन_करणे 03 01 0400 01 00000590
अपमानित_करणे 03 01 0400 01 00000589
अपहार_करणे 03 01 0400 01 00009339
अपेक्षा_करणे 03 01 0400 01 00005210
अपेक्षा_ठेवणे 03 01 0400 01 00005210
अभिमंत्रणे 03 01 0400 01 00005593
अभिमंत्रित_करणे 03 01 0400 01 00005593
अभिमंत्रित_करणे 03 01 0400 01 00011430
अभिलाषा_वाटणे 03 01 0400 01 00005212
अभिव्यक्त_करणे 03 01 0400 01 00000246
अभिश्राप_देणे 03 01 0400 01 00011522
अभ्यासणे 03 00 01 00054058
अरूंद_करणे 03 01 0400 01 00003432
अर्चणे 03 01 0400 01 00003047
अर्चन_करणे 03 01 0400 01 00003047
अर्थ_कळणे 03 01 0400 01 00011874
अर्पण_केले_जाणे 03 01 0400 01 00023644
अळविणे 03 01 0400 01 00014039
अवंलबणे 03 01 0400 01 00054699
अवगत_होणे 03 01 0400 01 00011874
अवतरणे 03 01 0400 01 00003770
अवतार_घेणे 03 01 0400 01 00003770
अवरणे 03 01 0400 01 00026673
अवलंबणे 03 01 0400 01 00002015
अव्हेर_करणे 03 01 0400 01 00005785
अश्रू_गाळणे 03 01 0400 01 00000235
अश्रू_ढाळणे 03 01 0400 01 00000235
असणे 03 01 0400 01 00010876
असफल_होणे 03 01 0400 01 00007834
असू_देणे 03 01 0400 01 00053520
अस्ताला_जाणे 03 01 0400 01 00005351
अस्वस्थ_होणे 03 01 0400 01 00002269
आंघोळ_करणे 03 01 0400 01 00006399
आंचवणे 03 01 0400 01 00006568
आंदुळणे 03 01 0400 01 00053970
आंदोळणे 03 01 0400 01 00053970
आंबणे 03 01 0400 04 00006884 00010158 00052884 00052885
आकर्षणे 03 01 0400 01 00004693
आकर्षिणे 03 01 0400 01 00004693
आकसणे 03 01 0400 01 00010230
आकारणे 03 01 0400 01 00054276
आक्रमण_करणे 03 01 0400 01 00005123
आक्रमणे 03 01 0400 01 00005123
आक्रमिणे 03 01 0400 01 00005123
आक्रसणे 03 01 0400 01 00010230
आखडणे 03 01 0400 02 00015301 00014138
आखणे 03 01 0400 03 00054278 00054279 00023291
आखूड_होणे 03 01 0400 01 00010230
आग_होणे 03 01 0400 02 00005621 00014867
आग_लावणे 03 01 0400 01 00011431
आगमन_होणे 03 01 0400 01 00011881
आघात_करणे 03 01 0400 01 00011589
आचमन_करणे 03 01 0400 01 00008462
आचरण_करणे 03 01 0400 01 00018792
आचरणे 03 01 0400 01 00054560
आचवणे 03 01 0400 02 00006568 00051101
आच्छादणे 03 01 0400 02 00008956 00028185
आज्ञा_पाळणे 03 01 0400 01 00004114
आज्ञापिणे 03 01 0400 01 00004300
आटणे 03 01 0400 03 00010230 00011857 00019022
आटपणे 03 01 0400 01 00007212
आटवणे 03 01 0400 03 00054127 00011566 00011486
आटविणे 03 01 0400 01 00011486
आटोपणे 03 01 0400 01 00007212
आठवणे 03 01 0400 02 00054266 00054292
आडवणे 03 01 0400 01 00010745
आढळणे 03 01 0400 01 00011404
आणणे 03 01 0400 01 00010824
आतुरणे 03 01 0400 01 00019302
आदर_करणे 03 01 0400 01 00006895
आदळणे 03 01 0400 02 00005696 00009346
आधारणे 03 01 0400 01 00051441
आधीन_करणे 03 01 0400 01 00004248
आधीन_होणे 03 01 0400 01 00015627
आनंदणे 03 01 0400 01 00054693
आपटणे 03 01 0400 03 00005046 00005696 00009346
आमंत्रण_देणे 03 01 0400 01 00006578
आरंभ_करणे 03 01 0400 01 00005417
आरंभ_होणे 03 01 0400 01 00011860
आरंभ_होणे 03 01 0400 01 00011881
आरंभणे 03 01 0400 02 00005417 00004704
आरडा_करणे 03 01 0400 01 00000234
आरूढ_करणे 03 01 0400 01 00011414
आरूढणे 03 01 0400 01 00005126
आलाप_घेणे 03 01 0400 01 00004895
आलिंगणे 03 01 0400 01 00011488
आलिंगन_देणे 03 01 0400 01 00005225
आळविणे 03 01 0400 01 00014039
आळसणे 03 01 0400 01 00019542
आळसावणे 03 01 0400 01 00019542
आवड_असणे 03 01 0400 01 00005211
आवडणे 03 01 0400 01 00002468
आवर_घालणे 03 01 0400 01 00012229
आवरणे 03 01 0400 04 00007212 00054331 00026673 00012229
आवळणे 03 01 0400 02 00011571 00011591
आवाज_देणे 03 01 0400 01 00006862
आवाज_करणे 03 01 0400 01 00012680
आव्हान_देणे 03 01 0400 01 00006861
आश्चर्यचकित_होणे 03 01 0400 01 00011253
आसन_ग्रहण_करणे 03 01 0400 01 00002917
आसावणे 03 01 0400 01 00019302
आसुसणे 03 01 0400 01 00019302
आहे 03 01 0400 01 00010794
इंजेक्शन_देणे 03 01 0400 01 00008347
इंजेक्शन_लावणे 03 01 0400 01 00008347
इच्छा_ठेवणे 03 01 0400 01 00005210
इच्छा_होणे 03 01 0400 01 00005212
इच्छिणे 03 01 0400 01 00028640
इलाज_करणे 03 01 0400 01 00010331
उंचावणे 03 01 0400 02 00012195 00007896
उंचाविणे 03 01 0400 01 00012195
उंचीचे_होणे 03 01 0400 01 00012180
उंडारणे 03 01 0400 01 00005066
उकरणे 03 01 0400 02 00054348 00011182
उकलणे 03 01 0400 01 00054368
उकळणे 03 01 0400 01 00004727
उकळवणे 03 01 0400 01 00011458
उकळविणे 03 01 0400 01 00011458
उखडणे 03 01 0400 01 00004755
उखढणे 03 00 01 00051224
उखाडणे 03 01 0400 01 00004755
उगम_पावणे 03 01 0400 01 00012595
उगवणे 03 01 0400 03 00003434 00003741 00012605
उगारणे 03 00 01 00051178
उगाळणे 03 00 02 00051179 00051180
उघड_करणे 03 01 0400 01 00012233
उघडणे 03 01 0400 09 00012241 00010852 00010866 00052970 00012234 00007107 00012235 00012233 00012238
उघडलेले_असणे 03 01 0400 01 00012245
उचंबळणे 03 01 0400 04 00009705 00051187 00051188 00011940
उचकटणे 03 01 0400 03 00004755 00051185 00051186
उचकणे 03 01 0400 01 00051185
उचकी_येणे 03 01 0400 01 00011498
उचकी_लागणे 03 01 0400 01 00011498
उचमणे 03 01 0400 01 00011940
उचमळणे 03 01 0400 01 00011940
उचलणे 03 01 0400 02 00011143 00011144
उच्चार_करणे 03 01 0400 01 00003756
उच्चारणे 03 01 0400 01 00003756
उजळणे 03 01 0400 02 00009270 00009774
उजवणे 03 00 02 00051195 00051196
उजाडणे 03 01 0400 01 00051198
उजेडणे 03 01 0400 01 00051198
उट्टे_काढणे 03 01 0400 01 00006227
उठणे 03 01 0400 06 00012187 00002884 00005464 00053691 00010965 00012188
उठवणे 03 01 0400 03 00011146 00011145 00011945
उडणे 03 01 0400 08 00003768 00011947 00011944 00052602 00052603 00052604 00011459 00011460
उडवणे 03 01 0400 08 00004656 00005437 00011461 00011951 00011462 00011463 00012194 00011950
उडविणे 03 01 0400 06 00004656 00011461 00011462 00011463 00012194 00011955
उडवून_घेणे 03 01 0400 02 00011939 00011955
उडी_मारण्यास_लावणे 03 01 0400 01 00011976
उडी_मारणे 03 01 0400 01 00011619
उणावणे 03 01 0400 01 00001476
उतणे 03 01 0400 02 00054705 00012603
उतरणे 03 01 0400 16 00052791 00052792 00052794 00052795 00052793 00052796 00051241 00011314 00004737 00051216 00052092 00011317 00052797 00011179 00052050 00012441
उतरवणे 03 01 0400 06 00051241 00011314 00004737 00052797 00052092 00011317
उतास_येणे 03 01 0400 01 00012603
उतूं_येणे 03 01 0400 01 00012603
उत्तर_देणे 03 01 0400 01 00007111
उत्तरणे 03 01 0400 01 00007111
उत्तीर्ण_होणे 03 01 0400 01 00004620
उत्पन्न_करणे 03 01 0400 01 00007134
उत्पादन_करणे 03 01 0400 01 00007134
उत्सुक_होणे 03 01 0400 01 00019302
उदय_होणे 03 01 0400 01 00003434
उदयास_येणे 03 01 0400 01 00003434
उदवणे 03 00 01 00051215
उदासणे 03 01 0400 01 00016355
उदित_होणे 03 01 0400 01 00003434
उद्धार_होणे 03 01 0400 01 00012937
उद्भवणे 03 00 01 00051219
उधडणे 03 01 0400 02 00011478 00011477
उधळणे 03 01 0400 03 00004656 00051223 00011951
उधळपट्टी_करणे 03 01 0400 01 00004656
उध्वस्त_करणे 03 01 0400 01 00007644
उनाडणे 03 01 0400 01 00005066
उन्मळणे 03 00 01 00051224
उपचार_करणे 03 01 0400 01 00010331
उपजणे 03 01 0400 01 00003436
उपटणे 03 01 0400 01 00004755
उपणणे 03 01 0400 01 00005843
उपभोगणे 03 01 0400 01 00013563
उपयोग_करणे 03 01 0400 01 00009601
उपसणे 03 01 0400 01 00054707
उपहास_करणे 03 01 0400 01 00004730
उपेक्षा_करणे 03 01 0400 01 00005785
उफणणे 03 01 0400 01 00005843
उभारणे 03 01 0400 02 00053274 00012197
उभे_राहणे 03 01 0400 01 00002884
उमगणे 03 01 0400 01 00008221
उमजणे 03 01 0400 01 00008221
उमटणे 03 01 0400 01 00053691
उमटवणे 03 01 0400 01 00054708
उमलणे 03 01 0400 01 00004675
उमलवणे 03 01 0400 01 00012201
उमलविणे 03 01 0400 01 00012201
उरकणे 03 01 0400 01 00007212
उरणे 03 01 0400 01 00006436
उलगडणे 03 01 0400 01 00008221
उलटणे 03 01 0400 03 00020102 00011926 00011935
उलटी_करणे 03 01 0400 01 00003740
उलटे_करणे 03 00 01 00051240
उलटे_करणे 03 01 0400 01 00015673
उलणे 03 01 0400 01 00051242
उलथणे 03 00 01 00051240
उल्लेखणे 03 01 0400 02 00054709 00028217
उल्लेखिणे 03 01 0400 01 00028217
उशीर_होणे 03 01 0400 01 00002533
उष्टावणे 03 01 0400 01 00052719
उष्टे_करणे 03 01 0400 01 00052719
उसकटणे 03 01 0400 01 00051185
उसळणे 03 01 0400 01 00003576
उसवणे 03 01 0400 02 00011478 00011477
ऊत_येणे 03 01 0400 01 00012603
एकत्र_होणे 03 01 0400 01 00007660
एकत्रित_करणे 03 01 0400 01 00007088
एकवटणे 03 01 0400 01 00007660
ऐकणे 03 01 0400 03 00008334 00012220 00011479
ऐकवणे 03 01 0400 02 00054367 00011482
ऐट_करणे 03 01 0400 01 00014138
ऐट_दाखवणे 03 01 0400 01 00005594
ओंवणें 03 01 0400 01 00008123
ओकणे 03 01 0400 01 00003740
ओघळणे 03 01 0400 02 00054376 00054701
ओझे_वाहणे 03 01 0400 01 00013093
ओढणे 03 01 0400 04 00054378 00004693 00004738 00011968
ओढावणे 03 01 0400 01 00012497
ओढाविणे 03 01 0400 01 00012497
ओतणे 03 01 0400 02 00054380 00013574
ओतले_जाणे 03 01 0400 01 00013574
ओथंबणे 03 01 0400 01 00005614
ओनामा_करणे 03 01 0400 01 00005417
ओरडणे 03 01 0400 02 00000234 00018580
ओरबाडणे 03 01 0400 01 00010682
ओलांडणे 03 01 0400 03 00004920 00011618 00011467
ओळखणे 03 01 0400 02 00013891 00012222
ओवणे 03 01 0400 02 00010735 00008123
ओवाळणे 03 01 0400 01 00051404
ओशाळणे 03 01 0400 01 00007887
ओसरणे 03 01 0400 01 00052792
कंटाळणे 03 01 0400 02 00051236 00011256
कचकचणे 03 01 0400 01 00011021
कचणे 03 01 0400 01 00051932
कचरणे 03 01 0400 01 00051932
कडकडणे 03 01 0400 02 00011652 00012699
कडकावणे 03 01 0400 01 00051326
कडाडणे 03 01 0400 04 00054390 00054391 00054397 00015984
कढणे 03 01 0400 01 00052330
कण्हणे 03 01 0400 01 00000237
कबूल_असणे 03 01 0400 01 00008222
कमवणे 03 01 0400 01 00004098
कमाई_करणे 03 01 0400 01 00004098
कमावणे 03 01 0400 01 00004098
कमी_करणे 03 01 0400 02 00010395 00004329
कमी_येणे 03 01 0400 01 00012518
कमी_होणे 03 01 0400 03 00001476 00003987 00012518
कमी_करणे 03 01 0400 01 00012789
करकचणे 03 01 0400 01 00054135
करकरणे 03 01 0400 02 00054171 00054400
करणे 03 01 0400 07 00004115 00003295 00011958 00018790 00011949 00011959 00011960
करत_राहणे 03 01 0400 01 00018790
करपणे 03 01 0400 02 00053744 00013765
करमणूक_करणे 03 01 0400 01 00004718
करमणे 03 01 0400 01 00051323
करवणे 03 01 0400 01 00021872
करवून_घेणे 03 01 0400 01 00013028
करून_घेणे 03 01 0400 01 00013028
कर्रकर्र_करणे 03 01 0400 01 00011651
कल_असणे 03 01 0400 01 00051875
कलंकित_करणे 03 01 0400 01 00006970
कलंडणे 03 01 0400 01 00051848
कलणे 03 01 0400 01 00051612
कला_दाखवणे 03 01 0400 01 00006470
कला_प्रदर्शित_करणे 03 01 0400 01 00006470
कल्पना_करणे 03 01 0400 01 00011176
कल्पना_बांधणे 03 01 0400 01 00011176
कळणे 03 01 0400 03 00008221 00022877 00011874
कळवणे 03 01 0400 01 00053211
कळी_येणे 03 01 0400 01 00007047
कवटाळणे 03 01 0400 01 00005225
कवेत_घेणे 03 01 0400 01 00005225
कशिदा_काढणे 03 01 0400 01 00011487
कष्ट_करणे 03 01 0400 01 00007859
कष्टणे 03 01 0400 01 00007859
कसकसणे 03 01 0400 01 00012519
कसणे 03 01 0400 02 00052837 00004239
काचणे 03 01 0400 01 00054440
काटणे 03 01 0400 02 00018385 00012770
काठ_बनवणे 03 01 0400 01 00052714
काडीमोडणे 03 01 0400 01 00005431
काढणे 03 01 0400 26 00052092 00013060 00013062 00013074 00011484 00013071 00013072 00013073 00013075 00011318 00011950 00012600 00013059 00011933 00004736 00011317 00012234 00013067 00013063 00012196 00011485 00011853 00011854 00011847 00011856 00012789
काढून_घेणे 03 01 0400 01 00011932
काढून_टाकणे 03 01 0400 03 00011950 00012775 00012789
कातणे 03 01 0400 01 00008628
कातरणे 03 01 0400 02 00054429 00011996
कापणे 03 01 0400 10 00002270 00012788 00011996 00024326 00011465 00004327 00018385 00018384 00018415 00015886
कापरे_भरणे 03 01 0400 01 00002270
काम_करणे 03 01 0400 01 00003295
काम_करणे 03 01 0400 01 00011839
कामी_येणे 03 01 0400 01 00054350
कायदेमंडळ 03 00 01 00052514
कार्य_करणे 03 01 0400 01 00003295
कालवणे 03 01 0400 01 00054023
काळजी_करणे 03 01 0400 01 00005031
काळजी_वाटणे 03 01 0400 01 00005031
काळजी_असणे 03 01 0400 01 00012508
काळपटणे 03 01 0400 01 00014512
काळवंडणे 03 01 0400 01 00014512
काळवटणे 03 01 0400 01 00014512
काळिमा_लावणे 03 01 0400 01 00006970
किंचाळणे 03 01 0400 01 00000234
किंमत_ठरवणे 03 01 0400 01 00052493
किंमत_लावणे 03 01 0400 01 00052493
किनार_बनवणे 03 01 0400 01 00052714
किरकीटणे 03 01 0400 01 00011021
किरकीटी_करणे 03 01 0400 01 00011021
किसणे 03 01 0400 01 00004241
कुंथणे 03 01 0400 01 00013065
कुंपण_घालणे 03 01 0400 01 00052923
कुंपण_लावणे 03 01 0400 01 00052923
कुचंबणे 03 01 0400 01 00002534
कुजणे 03 01 0400 01 00010157
कुजबुजणे 03 01 0400 01 00009549
कुटणे 03 01 0400 03 00008664 00023702 00023703
कुटाळी_करणे 03 01 0400 01 00001579
कुढणे 03 01 0400 01 00004664
कुढवणे 03 01 0400 01 00011567
कुथणे 03 01 0400 01 00013065
कुथविणे 03 01 0400 01 00013036
कुथाडणे 03 01 0400 01 00013036
कुरतडणे 03 01 0400 01 00004394
कुरवाळणे 03 01 0400 01 00006057
कुरुक्षेत्र 03 01 0400 01 00020070
कुसकरणे 03 01 0400 01 00053080
कुस्करणे 03 01 0400 01 00053080
कुस्ती_खेळणे 03 01 0400 01 00007893
केकटणे 03 01 0400 01 00011204
केकणे 03 01 0400 02 00010298 00011204
केकाटणे 03 01 0400 02 00011205 00011204
केकावणे 03 01 0400 01 00011204
केर_काढणे 03 01 0400 01 00005588
कैद_करणे 03 01 0400 01 00002388
कैफ_येणे 03 01 0400 01 00005134
कैवार_घेणे 03 01 0400 01 00053645
कोंभ_फुटणे 03 01 0400 01 00003741
कोपणे 03 01 0400 01 00004858
कोमजणे 03 01 0400 01 00004414
कोमेजणे 03 01 0400 01 00004414
कोरणे 03 01 0400 02 00004756 00019053
कोलमडणे 03 01 0400 01 00011935
कोलमाडणे 03 01 0400 01 00011935
कोळणे 03 01 0400 01 00054512
कोळपणे 03 01 0400 01 00010765
कोसळणे 03 01 0400 02 00010863 00012497
क्षमा_करणे 03 01 0400 01 00005430
क्षीण_होणे 03 01 0400 01 00004412
खंगणे 03 01 0400 01 00012792
खंगाळणे 03 01 0400 01 00004582
खंडण_करणे 03 01 0400 01 00004328
खंडन_करणे 03 01 0400 01 00004328
खचणे 03 01 0400 02 00004690 00012515
खटकणे 03 01 0400 01 00001379
खडकावणे 03 01 0400 01 00051326
खडसावणे 03 01 0400 01 00051326
खणकावणे 03 01 0400 01 00051326
खणखणणे 03 00 01 00054490
खणणे 03 01 0400 02 00004699 00006233
खतखतणे 03 01 0400 01 00026771
खदखदणे 03 01 0400 01 00026771
खपणे 03 01 0400 05 00007643 00052953 00007857 00006444 00013109
खमकावणे 03 01 0400 01 00051326
खरचटणे 03 01 0400 01 00052995
खरडणे 03 01 0400 03 00054524 00011181 00011967
खरवडणे 03 01 0400 01 00011181
खराब_करणे 03 01 0400 01 00015074
खराब_होणे 03 01 0400 01 00002532
खरीदणे 03 01 0400 01 00002152
खरेदी_करणे 03 01 0400 01 00002152
खर्च_करून_टाकणे 03 01 0400 01 00012194
खर्च_येणे 03 01 0400 01 00001860
खर्च_होणे 03 01 0400 01 00001860
खर्चणे 03 01 0400 01 00054492
खर्ची_पडणे 03 01 0400 01 00007857
खलणे 03 01 0400 01 00053603
खळबळणे 03 01 0400 01 00004582
खवखवणे 03 01 0400 01 00053003
खवणे 03 01 0400 01 00053005
खवळणे 03 01 0400 02 00053008 00053009
खाऊन_टाकणे 03 01 0400 01 00012177
खाकरणे 03 01 0400 02 00053011 00011177
खाकरा_काढणे 03 01 0400 01 00011177
खाकेरणे 03 01 0400 01 00011177
खाज_सुटणे 03 01 0400 01 00011325
खाजणे_येणे 03 01 0400 01 00011325
खाजवणे 03 01 0400 01 00008683
खाणणे 03 01 0400 01 00004699
खाणे 03 01 0400 02 00004655 00012175
खाण्या_पिण्याच्या_वस्तुंचा_भरपूर_आस्वाद_घेणे 03 01 0400 01 00011948
खाण्या_पिण्याच्या_वस्तुंवर_ताव_मारणे 03 01 0400 01 00011948
खापर_फोडणे 03 01 0400 01 00012679
खारवणे 03 01 0400 01 00052978
खारावणे 03 01 0400 01 00052978
खालावणे 03 00 01 00054497
खाली_बसणे 03 01 0400 01 00009274
खिंकाळणे 03 01 0400 01 00009127
खिदळणे 03 01 0400 01 00051339
खिल्ली_उडवणे 03 01 0400 01 00004730
खिळणे 03 01 0400 01 00054499
खिळवणे 03 01 0400 01 00054500
खुंटणे 03 01 0400 01 00054503
खुडणे 03 01 0400 01 00054504
खुणावणे 03 01 0400 01 00054506
खुपणे 03 01 0400 02 00005060 00011747
खुपसणे 03 01 0400 01 00004749
खुरपणे 03 01 0400 01 00017156
खुलणे 03 01 0400 03 00004711 00052970 00004710
खुला_होणे 03 01 0400 01 00007579
खेचणे 03 01 0400 01 00004738
खेचून_घेणे 03 01 0400 01 00011869
खेटणे 03 01 0400 01 00053029
खेळ_करणे 03 01 0400 01 00052153
खेळणे 03 01 0400 01 00004716
खेळवून_घेणे 03 01 0400 01 00010627
खोचणे 03 01 0400 01 00053034
खोडणे 03 01 0400 03 00007691 00053035 00054510
खोडून_काढणे 03 01 0400 01 00004328
खोदणे 03 01 0400 02 00004699 00006233
खोरण 03 01 0400 01 00007879
खोरणी 03 01 0400 01 00007879
खोरणे 03 01 0400 01 00007879
खोळंबणे 03 01 0400 02 00051344 00011565
खोवणे 03 01 0400 01 00053034
गंज_लागून_नष्ट_होणे 03 01 0400 01 00010621
गंज_लागून_नाश_पावणे 03 01 0400 01 00010621
गंज_लागून_नाश_होणे 03 01 0400 01 00010621
गंजणे 03 01 0400 02 00054513 00054514
गटकवणे 03 01 0400 01 00009339
गडगडणे 03 01 0400 02 00051362 00015984
गडबडणे 03 01 0400 01 00053064
गढणे 03 01 0400 01 00005849
गढुळणे 03 01 0400 01 00053341
गणणे 03 01 0400 02 00004907 00053082
गणना_करणे 03 01 0400 01 00004907
गदगदणे 03 01 0400 01 00026771
गमवणे 03 01 0400 02 00007643 00052302
गमावणे 03 01 0400 02 00007643 00052302
गयावया_करणे 03 01 0400 01 00005051
गरकावणे 03 01 0400 01 00011235
गरगरणे 03 01 0400 01 00053494
गरजणे 03 01 0400 03 00054518 00011217 00015984
गरम_करणे 03 01 0400 01 00005962
गरम_करणे 03 01 0400 01 00012470
गराडा_घालणे 03 01 0400 01 00002387
गरोदर_होणे 03 01 0400 01 00012366
गर्क_होणे 03 01 0400 01 00005849
गर्जणे 03 01 0400 01 00054518
गर्भ_संभवणे 03 01 0400 01 00012366
गर्भ_समावणे 03 01 0400 01 00012366
गर्भार_राहणे 03 01 0400 01 00012366
गळणे 03 01 0400 05 00003286 00053099 00053100 00007437 00012830
गहिवरणे 03 01 0400 01 00051371
गांगरणे 03 01 0400 01 00053064
गांजणे 03 01 0400 02 00004238 00053107
गाजणे 03 01 0400 01 00053106
गाठ_घेणे 03 01 0400 01 00007664
गाठवणे 03 00 01 00054526
गाठाळणे 03 01 0400 01 00054673
गाडणे 03 01 0400 02 00008697 00011576
गाणे 03 01 0400 01 00000236
गाभळणे 03 00 01 00053111
गाभाटणे 03 01 0400 02 00053120 00011973
गाभुळणे 03 00 01 00053111
गार_करणे 03 01 0400 01 00011174
गारठणे 03 01 0400 02 00053121 00011631
गारठवणे 03 00 01 00054530
गारपीट_होणे 03 01 0400 01 00009432
गारसवणे 03 01 0400 01 00011174
गारा_पडणे 03 01 0400 01 00009432
गालातल्या_गालात_हसणे 03 01 0400 01 00004676
गाळणे 03 01 0400 06 00005332 00053130 00053131 00053132 00012776 00012796
गिरवणे 03 01 0400 01 00053138
गिळंकृत_करणे 03 01 0400 01 00009339
गिळणे 03 01 0400 05 00005383 00012174 00012176 00012984 00011266
गुंग_होणे 03 01 0400 01 00005849
गुंग_असणे 03 01 0400 01 00012507
गुंग_करणे 03 01 0400 01 00011371
गुंगणे 03 01 0400 01 00005849
गुंगवणे 03 01 0400 02 00053140 00011371
गुंगविणे 03 01 0400 01 00011371
गुंजणे 03 01 0400 01 00011628
गुंजारव_करणे 03 01 0400 01 00011628
गुंडाळणे 03 01 0400 02 00002048 00012749
गुंडाळून_टाकणे 03 01 0400 01 00012749
गुंतणे 03 01 0400 06 00003876 00009570 00011584 00007104 00012319 00014067
गुंतवणे 03 01 0400 01 00053225
गुंता_होणे 03 01 0400 01 00014067
गुंफणे 03 01 0400 02 00010735 00012688
गुडगुडणे 03 00 01 00053142
गुडघे_टेकणे 03 01 0400 01 00005623
गुणगुणणे 03 01 0400 02 00053149 00011629
गुणणे 03 01 0400 01 00053150
गुतणे 03 01 0400 01 00007104
गुदगुल्या_करणे 03 01 0400 01 00004930
गुदमरणे 03 01 0400 01 00005057
गुदरणे 03 01 0400 01 00012497
गुप्त_ठेवणे 03 01 0400 01 00005277
गुरकणे 03 01 0400 02 00053152 00011235
गुरकावणे 03 01 0400 02 00053152 00011217
गुरगुरणे 03 01 0400 03 00004849 00011213 00011235
गुरफटणे 03 01 0400 02 00003876 00009570
गुरुगुरुणे 03 01 0400 01 00011235
गोंगावणे 03 01 0400 01 00011629
गोंजारणे 03 01 0400 01 00006057
गोंदणे 03 01 0400 01 00008396
गोंधळणे 03 01 0400 01 00053064
गोठणे 03 01 0400 01 00005492
गोडी_असणे 03 01 0400 01 00005211
गोळा_करणे 03 01 0400 02 00007088 00053717
गोळा_होणे 03 01 0400 01 00007660
ग्रहण_करणे 03 01 0400 01 00012022
ग्रासणे 03 01 0400 01 00011266
घट_होणे 03 01 0400 01 00003987
घटणे 03 01 0400 03 00001476 00051389 00003987
घटवणे 03 01 0400 02 00053258 00053259
घटस्फोट_घेणे 03 01 0400 01 00005431
घडणे 03 01 0400 01 00004918
घडविणे 03 01 0400 01 00005871
घडी_घालणे 03 01 0400 01 00007410
घणघणणे 03 00 01 00053277
घमघमणे 03 01 0400 01 00052986
घर_देणे 03 01 0400 01 00052099
घर_देणे 03 01 0400 01 00027737
घरंगळणे 03 01 0400 02 00054377 00008928
घरघरणे 03 01 0400 01 00008707
घळणे 03 01 0400 01 00001476
घसपटणे 03 01 0400 01 00005043
घसपटवणे 03 01 0400 01 00005043
घसरणे 03 01 0400 02 00011630 00011631
घसरवणे 03 01 0400 01 00011632
घातक_ठरणे 03 01 0400 01 00051911
घातले_जाणे 03 01 0400 01 00013574
घाबरणे 03 01 0400 02 00005032 00011389
घाबरवणे 03 01 0400 01 00011390
घाबरविणे 03 01 0400 01 00011390
घाबरवून_सोडणे 03 01 0400 01 00009090
घामेजणे 03 01 0400 01 00009405
घालणे 03 01 0400 06 00003939 00004604 00010844 00025411 00013876 00009407
घालवणे 03 01 0400 05 00004656 00052302 00053299 00013066 00011846
घालविणे 03 01 0400 01 00011846
घासणे 03 01 0400 02 00009900 00009774
घासवणे 03 01 0400 01 00013077
घिरटी_घालणे 03 01 0400 01 00005071
घुमणे 03 00 02 00053310 00053331
घुमवणे 03 01 0400 02 00054548 00012749
घुसडणे 03 01 0400 01 00004749
घुसणे 03 01 0400 02 00053311 00011872
घुसमटणे 03 01 0400 01 00005057
घुसळणे 03 01 0400 02 00009724 00053332
घुसवणे 03 00 01 00053314
घेणे 03 01 0400 12 00002152 00012022 00018363 00011854 00011144 00011418 00010871 00053357 00053356 00053355 00003666 00012025
घेरणे 03 01 0400 01 00002387
घोंगावणे 03 01 0400 01 00011629
घोकणे 03 01 0400 02 00051434 00013530
घोटणे 03 01 0400 02 00009725 00053335
घोटाळणे 03 01 0400 02 00053064 00054550
घोरणे 03 01 0400 01 00008502
घोळणे 03 01 0400 02 00053351 00009460
चकचकणे 03 01 0400 01 00005152
चकचकीत_करणे 03 01 0400 01 00009270
चकणे 03 01 0400 02 00054552 00054553
चकमा_देणे 03 01 0400 01 00005574
चकवणे 03 01 0400 01 00054554
चकाकणे 03 01 0400 02 00005152 00011255
चकित_होणे 03 01 0400 01 00011253
चक्रावणे 03 01 0400 01 00053064
चघळणे 03 01 0400 01 00005386
चटका_देणे 03 01 0400 01 00012362
चटावणे 03 01 0400 01 00053367
चडफडणे 03 00 01 00053369
चढणे 03 01 0400 12 00005126 00011859 00011862 00011858 00023653 00023651 00005122 00053375 00005136 00005135 00005134 00012182
चढवणे 03 01 0400 13 00003939 00013037 00009960 00023654 00013038 00011867 00011415 00053377 00011417 00008094 00011416 00009978 00011868
चढविणे 03 01 0400 06 00011415 00011867 00013038 00023654 00013037 00009958
चढाई_करणे 03 01 0400 01 00005123
चपापणे 03 01 0400 01 00052768
चमकणे 03 01 0400 03 00005152 00052768 00011255
चमकवणे 03 01 0400 01 00051326
चमचमणे 03 01 0400 02 00005152 00007971
चरचरणे 03 01 0400 01 00011656
चरणे 03 01 0400 01 00005385
चरवणे 03 01 0400 02 00006947 00053437
चर्चणे 03 00 01 00053409
चलणे 03 00 01 00053408
चलनी 03 00 01 00053410
चळणे 03 01 0400 02 00008832 00053418
चळवळणे 03 01 0400 01 00054667
चव_घेणे 03 01 0400 01 00005558
चवताळणे 03 01 0400 01 00051465
चहाडी_करणे 03 01 0400 01 00007385
चाखणे 03 01 0400 01 00005558
चाचपडणे 03 01 0400 01 00005709
चाचपणे 03 01 0400 01 00005709
चाचरणे 03 01 0400 01 00053426
चाटणे 03 01 0400 02 00008414 00008423
चाटवणे 03 01 0400 02 00008733 00012178
चारणे 03 01 0400 02 00004686 00053437
चालढकल_करणे 03 01 0400 01 00005711
चालणे 03 01 0400 17 00005367 00011839 00011836 00008069 00012171 00011832 00054566 00054560 00054559 00054558 00011838 00053441 00012170 00011837 00052953 00052207 00011852
चालवणे 03 01 0400 06 00051885 00012846 00053444 00001472 00011461 00026857
चालवून_घेणे 03 01 0400 01 00011850
चालू_करणे 03 01 0400 01 00001472
चालू_होणे 03 01 0400 01 00007579
चाळणे 03 01 0400 02 00053447 00012776
चाळाणे 03 01 0400 02 00051685 00054178
चावणे 03 01 0400 05 00011519 00011520 00052451 00004332 00005382
चावी_देणे 03 01 0400 01 00005662
चावून_खाणे 03 01 0400 01 00005382
चिंतणे 03 00 01 00053483
चिंता_असणे 03 01 0400 01 00012508
चिंतावणे 03 00 01 00053484
चिकटणे 03 01 0400 01 00005228
चिकटवणे 03 01 0400 01 00005227
चिकनगुनिया 03 01 0400 01 00024046
चिकुनगुनिया 03 01 0400 01 00024046
चिघळणे 03 01 0400 01 00053454
चिडचिड_करणे 03 01 0400 01 00009634
चिडचिडणे 03 01 0400 01 00009634
चिडणे 03 01 0400 02 00004858 00009634
चिडवणे 03 01 0400 01 00054678
चिढणे 03 01 0400 01 00009634
चिणणे 03 00 01 00053491
चित_करणे 03 01 0400 01 00010681
चितारणे 03 01 0400 01 00004731
चिथावणे 03 00 01 00053489
चिथाविणे 03 01 0400 01 00003129
चिमटणे 03 01 0400 01 00000588
चिमटा_घेणे 03 01 0400 01 00000588
चिरकणे 03 00 01 00053503
चिरडणे 03 01 0400 04 00004858 00053507 00012928 00015888
चिरणे 03 01 0400 01 00004327
चिवचिवणे 03 00 01 00053517
चीत_करणे 03 01 0400 01 00010681
चुंबणे 03 01 0400 01 00008775
चुंबन_घेणे 03 01 0400 01 00008775
चुकचुकणे 03 00 01 00053342
चुकणे 03 01 0400 03 00011040 00053530 00053531
चुकवणे 03 01 0400 03 00005712 00053532 00011370
चुगली_करणे 03 01 0400 01 00007385
चुचकारणे 03 01 0400 02 00053535 00054583
चुणचुणणे 03 01 0400 01 00005621
चुरगटणे 03 01 0400 01 00011499
चुरगळणे 03 01 0400 03 00053576 00054584 00011499
चुरगाळणे 03 01 0400 01 00053576
चुरघाळणे 03 00 01 00054584
चुरचुरणे 03 01 0400 01 00053578
चुरडणे 03 01 0400 02 00053580 00012928
चुरणे 03 01 0400 03 00009802 00053080 00012735
चुरा_करणे 03 01 0400 01 00012735
चुरा_होणे 03 01 0400 01 00012736
चुळबुळणे 03 01 0400 02 00054587 00011254
चेंगरणे 03 00 01 00053635
चेंदरणे 03 01 0400 01 00012928
चेचणे 03 01 0400 02 00018578 00012928
चेतवणे 03 01 0400 01 00003129
चेपणे 03 01 0400 03 00009443 00009802 00007340
चेष्टा_करणे 03 01 0400 01 00004730
चोंदणे 03 00 01 00053655
चोखणे 03 01 0400 01 00004732
चोखाळणे 03 00 01 00053652
चोचावणे 03 00 01 00053641
चोथडणे 03 01 0400 01 00009490
चोथलणे 03 01 0400 01 00009490
चोप_देणे 03 01 0400 01 00000591
चोपडणे 03 01 0400 01 00009490
चोपणे 03 01 0400 01 00000591
चोपूनचोपून_सपाट_करणे 03 01 0400 01 00018899
चोरणे 03 01 0400 02 00005278 00011464
चोळणे 03 01 0400 02 00009900 00014393
चौकटीत_बसवणे 03 01 0400 01 00012677
चौकटीत_बसविणे 03 01 0400 01 00012677
चौकशी_करणे 03 01 0400 01 00005334
चौखूर_उधळणे 03 01 0400 01 00011435
छत_बनवून_घेणे 03 01 0400 01 00018898
छपविणे 03 01 0400 01 00005275
छप्पय_छंद 03 01 0400 01 00011821
छळणे 03 01 0400 02 00004238 00011497
छाटणे 03 01 0400 04 00053690 00012771 00012770 00012788
छापणे 03 01 0400 04 00012624 00012625 00008791 00008793
छापून_घेणे 03 01 0400 01 00012794
छिपणे 03 01 0400 01 00005353
छेडणे 03 01 0400 04 00004931 00051494 00051495 00012827
छेडले_जाणे 03 01 0400 01 00012827
छेदणे 03 00 01 00053701
जखडणे 03 01 0400 01 00005455
जगणे 03 01 0400 01 00003476
जगवणे 03 00 01 00053704
जगविणे 03 01 0400 01 00015309
जडणे 03 01 0400 02 00054596 00012511
जडवणे 03 01 0400 03 00054500 00054596 00054597
जन्म_घेणे 03 01 0400 01 00003436
जन्म_देणे 03 01 0400 01 00007091
जन्मणे 03 01 0400 02 00003436 00054598
जन्मास_येणे 03 01 0400 01 00003436
जप_करणे 03 01 0400 01 00005485
जपणे 03 01 0400 01 00005485
जबाब_देणे 03 01 0400 01 00007111
जम_बसणे 03 01 0400 01 00011392
जमणे 03 01 0400 07 00007660 00053719 00053852 00005497 00011405 00013079 00011403
जमवणे 03 01 0400 03 00007674 00053717 00053718
जमा_करणे 03 01 0400 01 00053717
जळजळ_होणे 03 01 0400 01 00014867
जळणे 03 01 0400 06 00053742 00053743 00053744 00004664 00053745 00007577
जळवणे 03 01 0400 02 00011567 00013041
जांभई_देणे 03 01 0400 01 00008415
जांभळी_देणे 03 01 0400 01 00008415
जांभाळी_देणे 03 01 0400 01 00008415
जाऊन_राहणे 03 01 0400 01 00011393
जागणे 03 01 0400 03 00053753 00011381 00011382
जागत_राहणे 03 01 0400 01 00011382
जागरूक_असणे 03 01 0400 01 00011382
जागवणे 03 00 02 00053756 00053757
जागा_ठेवणे 03 01 0400 01 00012228
जागा_देणे 03 01 0400 01 00052099
जागा_राखणे 03 01 0400 01 00012228
जागा_देणे 03 01 0400 01 00027737
जागे_करणे 03 01 0400 01 00011146
जागे_होणे 03 01 0400 01 00005464
जागे_करणे 03 01 0400 02 00011149 00011150
जाग्रण_करणे 03 01 0400 01 00011381
जाचणे 03 00 01 00054611
जाणणे 03 01 0400 03 00005591 00011512 00011874
जाणवणे 03 01 0400 01 00027829
जाणीव_होणे 03 01 0400 01 00027829
जाणे 03 01 0400 13 00003438 00012602 00011873 00004743 00012512 00011831 00003986 00011943 00053770 00053768 00010788 00007643 00013061
जाबडणे 03 01 0400 01 00009607
जाळणे 03 01 0400 02 00053781 00011431
जाळपोळ 03 01 0400 01 00053782
जास्त_होणे 03 01 0400 01 00011447
जिंकणे 03 01 0400 05 00053357 00053797 00053798 00007369 00007368
जिरणे 03 00 01 00054613
जिवंत_करणे 03 01 0400 01 00003457
जिवे_मारणे 03 01 0400 01 00007622
जीव_घेणे 03 01 0400 01 00007622
जीव_असणे 03 01 0400 01 00007595
जुंपणे 03 01 0400 04 00002715 00053819 00053820 00011468
जुंपवणे 03 01 0400 01 00018794
जुगार_खेळणे 03 01 0400 01 00026908
जुडविणे 03 01 0400 01 00002563
जुपणे 03 01 0400 01 00002715
जुमानणे 03 00 01 00053821
जुळणे 03 01 0400 08 00052454 00053823 00053824 00053826 00053827 00053838 00005497 00007670
जुळवणे 03 01 0400 03 00002563 00053718 00053839
जुळारी 03 01 0400 01 00053840
जुवा_खेळणे 03 01 0400 01 00026908
जेवण_बनवणे 03 01 0400 01 00006596
जेवणे 03 01 0400 01 00013868
जोखणे 03 01 0400 02 00004240 00009050
जोडणे 03 01 0400 03 00002563 00002715 00011387
जोतणे 03 01 0400 01 00002715
जोपासणे 03 00 01 00053860
झकाकणे 03 01 0400 01 00005152
झगझगणे 03 01 0400 01 00005152
झगडणे 03 01 0400 01 00053883
झगमगणे 03 01 0400 01 00005152
झटकणे 03 01 0400 03 00005598 00008520 00012086
झटकारणे 03 01 0400 02 00005598 00008520
झटणे 03 01 0400 02 00053876 00053892
झडणे 03 01 0400 03 00003286 00053895 00053896
झडप_घालणे 03 01 0400 01 00005141
झडपणे 03 01 0400 01 00053897
झणझणणे 03 01 0400 03 00006242 00051538 00053902
झपाटणे 03 01 0400 02 00052459 00053905
झरणे 03 01 0400 01 00005281
झळकणे 03 01 0400 02 00005152 00011255
झाकणे 03 01 0400 03 00009803 00008956 00028185
झाकोळणे 03 01 0400 02 00051532 00053917
झाडणे 03 01 0400 06 00005588 00005598 00051326 00053920 00008520 00005596
झाडफूक_करणे 03 01 0400 01 00005601
झाडू_मारणे 03 01 0400 01 00005588
झिंगणे 03 01 0400 01 00008344
झिटकारणे 03 01 0400 01 00053933
झिडकणे 03 01 0400 02 00053933 00013492
झिडकारणे 03 01 0400 03 00053933 00012086 00013492
झिडकावणे 03 01 0400 01 00053933
झिडकाविणे 03 01 0400 01 00013492
झिणझिणणे 03 01 0400 01 00053902
झिरपणे 03 01 0400 01 00005281
झुंजणे 03 01 0400 01 00005701
झुंजवणे 03 01 0400 01 00003486
झुंजविणे 03 01 0400 01 00003486
झुंझणे 03 01 0400 01 00024097
झुक-झुक_करणे 03 01 0400 01 00011924
झुकणे 03 01 0400 02 00051612 00005614
झुकवणे 03 01 0400 01 00009239
झुरकणे 03 01 0400 01 00053949
झुरणी 03 01 0400 01 00053951
झुरणे 03 01 0400 02 00004664 00053950
झुरवणे 03 01 0400 01 00011567
झुलकावणे 03 01 0400 01 00053952
झुलणे 03 01 0400 02 00005652 00011964
झुलवणे 03 01 0400 01 00053953
झेपणे 03 01 0400 01 00011604
झेपावणे 03 01 0400 01 00053956
झेलणे 03 01 0400 01 00053957
झोंबणे 03 01 0400 03 00051538 00011520 00053892
झोकणे 03 01 0400 04 00053961 00053962 00053965 00011490
झोकून_देणे 03 01 0400 01 00012323
झोडणे 03 01 0400 01 00000591
झोडपणे 03 01 0400 02 00000591 00022878
झोपणे 03 01 0400 01 00008500
झोपवणे 03 01 0400 02 00009986 00011560
झोपविणे 03 01 0400 01 00011560
झोपी_जाणे 03 01 0400 01 00008500
टचकणे 03 01 0400 01 00005108
टपकणे 03 01 0400 02 00005280 00053976
टपणे 03 01 0400 01 00053975
टपोरणे 03 01 0400 01 00053984
टर_उडवणे 03 01 0400 01 00004730
टरकणे 03 01 0400 01 00053978
टरकवणे 03 01 0400 01 00053979
टरकावणे 03 01 0400 01 00053979
टळणे 03 01 0400 01 00008499
टांकणे 03 01 0400 01 00008904
टांगणे 03 01 0400 01 00018494
टाकणे 03 01 0400 08 00004604 00010844 00019105 00053356 00053997 00016404 00018793 00007051
टाकले_असणे 03 01 0400 01 00013572
टाकले_जाणे 03 01 0400 01 00013574
टाकलेला_असणे 03 01 0400 01 00013573
टाकी_लावणे 03 01 0400 01 00008904
टाचणे 03 01 0400 01 00002541
टाळणे 03 01 0400 02 00005712 00011509
टाळाटाळ_करणे 03 01 0400 01 00005711
टाहो_फोडणे 03 01 0400 01 00000240
टिंगल_करणे 03 01 0400 01 00004730
टिकणे 03 01 0400 03 00011838 00011836 00012444
टिकवणे 03 01 0400 01 00012738
टिचणे 03 01 0400 01 00005108
टिपणे 03 00 01 00051566
टॅक्सी 03 01 0400 01 00018387
टेकणे 03 01 0400 02 00011131 00053656
टेकवणे 03 01 0400 01 00011131
टेकू_लावणे 03 01 0400 01 00025412
टोकणे 03 01 0400 01 00012684
टोचणे 03 01 0400 02 00005060 00011747
टोचवणे 03 01 0400 01 00004748
टोचून_बोलणे 03 01 0400 01 00011483
टोलवणे 03 01 0400 01 00053301
ठकणे 03 01 0400 01 00003923
ठकवणे 03 01 0400 01 00003923
ठकविणे 03 01 0400 01 00007136
ठगणे 03 01 0400 01 00003923
ठणकणे 03 01 0400 03 00054040 00012519 00012524
ठप्प_होणे 03 01 0400 01 00012442
ठमकणे 03 01 0400 01 00013199
ठरणे 03 01 0400 03 00012045 00012597 00012996
ठरवणे 03 01 0400 01 00012230
ठरविणे 03 01 0400 02 00012230 00012681
ठसठसणे 03 00 01 00051580
ठसणे 03 01 0400 01 00018597
ठसवणे 03 01 0400 01 00018598
ठार_करणे 03 01 0400 01 00007622
ठार_मारणे 03 01 0400 01 00007622
ठाव_घेणे 03 01 0400 01 00022877
ठासणे 03 01 0400 01 00013497
ठिबकणे 03 01 0400 01 00005280
ठुमकणे 03 01 0400 01 00013199
ठुसठुसणे 03 00 01 00051580
ठेच_लागणे 03 01 0400 01 00005697
ठेचणे 03 01 0400 02 00018578 00012928
ठेपणे 03 00 01 00052145
ठेवणे 03 01 0400 09 00007387 00009192 00011184 00011597 00009960 00005137 00007472 00019107 00018793
ठोकणे 03 01 0400 05 00000591 00008938 00013500 00013677 00005699
ठोकर_लागणे 03 01 0400 01 00005697
ठोकर_मारणे 03 01 0400 01 00013493
ठोकले_जाणे 03 01 0400 01 00013500
ठोठावणे 03 01 0400 01 00013500
डकवणे 03 01 0400 01 00005227
डगमगणे 03 01 0400 02 00012005 00018573
डचमळणे 03 01 0400 01 00008799
डबडबणे 03 01 0400 01 00014058
डळमळणे 03 01 0400 02 00012005 00018573
डवरणे 03 01 0400 02 00051591 00052061
डसणे 03 01 0400 02 00011519 00011520
डांबणे 03 01 0400 01 00054616
डांभणे 03 01 0400 01 00054616
डाग_लावणे 03 01 0400 01 00006970
डाग_देणे 03 01 0400 01 00012362
डागडुजी_करणे 03 01 0400 01 00007138
डागणे 03 01 0400 01 00012362
डागाळणे 03 01 0400 02 00011585 00054615
डावलणे 03 01 0400 01 00051598
डिवचणे 03 01 0400 01 00054617
डुंबणे 03 01 0400 01 00054618
डुचमळणे 03 01 0400 01 00008799
डुलणे 03 01 0400 02 00011964 00008308
डुलवणे 03 01 0400 01 00008949
डूक_धरणे 03 01 0400 01 00005354
डोके_करणे 03 01 0400 01 00011714
डोलणे 03 01 0400 02 00011964 00008308
डोलवणे 03 01 0400 01 00008949
डोलावणे 03 01 0400 01 00008949
डोळे_उघडणे 03 01 0400 01 00016352
डोळे_वटारणे 03 01 0400 01 00005433
डोळ्यात_धूळ_फेकणे 03 01 0400 01 00007136
डौल_मिरवणे 03 01 0400 01 00005594
ढकलणे 03 01 0400 01 00005863
ढळणे 03 01 0400 03 00051612 00008832 00011631
ढवळणे 03 01 0400 02 00009705 00051611
ढापणे 03 01 0400 02 00053227 00011578
ढाळणे 03 01 0400 01 00053131
ढासळणे 03 01 0400 01 00007339
ढेकर_देणे 03 01 0400 01 00008941
ढेकर_येणे 03 01 0400 01 00008941
ढोसणे 03 01 0400 02 00053964 00053965
तटणे 03 01 0400 01 00006283
तडकणे 03 01 0400 01 00005108
तडतडणे 03 01 0400 01 00051631
तडफडणे 03 01 0400 01 00005913
तडफडवणे 03 01 0400 01 00011937
तडीस_नेणे 03 01 0400 01 00004115
तणतणणे 03 01 0400 01 00051641
तपास_करणे 03 01 0400 01 00019041
तपासणी_करणे 03 01 0400 01 00019041
तपासणे 03 01 0400 02 00012822 00019041
तपासून_घेणे 03 01 0400 01 00012824
तयार_करणे 03 01 0400 03 00006597 00052644 00005871
तयार_होणे 03 01 0400 02 00007132 00012181
तयार_करणे 03 01 0400 01 00011318
तयार_होणे 03 01 0400 01 00013494
तरंगणे 03 01 0400 02 00008309 00008320
तरणे 03 01 0400 02 00019009 00019010
तरळणे 03 01 0400 01 00054159
तर्कवितर्क_करणे 03 01 0400 01 00000242
तल्लीन_होणे 03 01 0400 01 00005849
तळणे 03 01 0400 01 00008990
तळतळणे 03 01 0400 01 00051545
तळपणे 03 01 0400 01 00051772
तळमळणे 03 01 0400 01 00005913
ताटकळणे 03 00 02 00051674 00051675
ताठरणे 03 00 01 00051675
ताडणे 03 01 0400 01 00009004
ताणणे 03 01 0400 01 00004733
तापणे 03 01 0400 02 00004858 00005926
तापवणे 03 01 0400 02 00005962 00012470
ताब्यात_देणे 03 01 0400 01 00019105
तारणे 03 01 0400 01 00019008
तारीफ_करणे 03 01 0400 01 00008243
तालीम_देणे 03 01 0400 02 00008303 00052644
ताव_मारणे 03 01 0400 01 00011945
तुकडे_करणे 03 01 0400 01 00008886
तुटणे 03 01 0400 04 00010860 00012521 00012516 00012522
तुडवणे 03 01 0400 02 00014198 00009942
तेवणे 03 00 01 00053742
तोकडे_होणे 03 01 0400 01 00011857
तोटा_होणे 03 01 0400 01 00013502
तोडणे 03 01 0400 05 00009847 00020231 00011427 00012788 00008886
तोतरे_बोलणे 03 01 0400 01 00006601
तोरा_मिरवणे 03 01 0400 01 00005594
तोलणे 03 01 0400 01 00009050
त्यजणे 03 01 0400 01 00005435
त्यागणे 03 01 0400 01 00005435
त्रस्त_करणे 03 01 0400 01 00004238
त्रास_देणे 03 01 0400 01 00004238
त्रासणे 03 00 01 00052556
थंडावणे 03 01 0400 01 00011174
थकणे 03 01 0400 02 00006053 00007348
थकवणे 03 01 0400 01 00009063
थक्क_होणे 03 01 0400 02 00011253 00011474
थबकणे 03 01 0400 03 00005775 00051705 00012321
थबथबणे 03 00 01 00051704
थरथरणे 03 01 0400 01 00002270
थरारणे 03 01 0400 02 00002270 00054607
थांबणे 03 01 0400 05 00003105 00054651 00013505 00012442 00012321
थांबवणे 03 01 0400 06 00010745 00010746 00012226 00011130 00012227 00015066
थांबविणे 03 01 0400 04 00010746 00012226 00011130 00012227
थाटणे 03 00 01 00051710
थापडणे 03 01 0400 01 00006058
थिजणे 03 01 0400 02 00005492 00009365
थोपटणे 03 01 0400 01 00006058
दंग_होणे 03 01 0400 01 00005849
दगावणे 03 00 01 00051720
दचकणे 03 01 0400 01 00002430
दडपणे 03 01 0400 02 00005130 00011575
दडपून_ठेवणे 03 01 0400 01 00011573
दणदणणे 03 01 0400 01 00009074
दबणे 03 01 0400 05 00003296 00007340 00011570 00006095 00011568
दमणे 03 01 0400 02 00006053 00007348
दमवणे 03 01 0400 01 00009063
दरवळणे 03 01 0400 01 00009754
दळणे 03 01 0400 01 00009454
दाखवणे 03 01 0400 07 00007106 00006160 00012739 00012740 00012741 00023781 00012069
दाखविणे 03 01 0400 04 00012740 00012741 00023781 00012069
दाखवून_देणे 03 01 0400 01 00023781
दाटणे 03 01 0400 01 00051326
दात_खाणे 03 01 0400 01 00011021
दात_चावणे 03 01 0400 01 00011021
दान_करणे 03 01 0400 01 00006234
दाबणे 03 01 0400 06 00009802 00011571 00005130 00011572 00011575 00011591
दाबले_जाणे 03 01 0400 01 00011568
दामटणे 03 01 0400 01 00051742
दारू_पिणे 03 01 0400 01 00006856
दाह_होणे 03 01 0400 01 00014867
दिपणे 03 01 0400 01 00008777
दिपवणे 03 01 0400 01 00053328
दिमाख_दाखवणे 03 01 0400 01 00005594
दिरंगाई_होणे 03 01 0400 01 00002533
दिले_जाणे 03 01 0400 01 00012993
दिवा_स्वप्न_पाहणे 03 01 0400 01 00052349
दिवा-स्वप्न_पाहणे 03 01 0400 01 00052349
दिवाळे_निघणे 03 01 0400 01 00053495
दिवास्वप्न_पाहणे 03 01 0400 01 00052349
दिसणे 03 01 0400 01 00006158
दुखणे 03 01 0400 01 00007862
दुखावणे 03 01 0400 02 00009354 00054691
दुणावणे 03 01 0400 01 00053330
दुभंगणे 03 01 0400 01 00052893
दुभणे 03 01 0400 02 00009134 00011586
दुमडणे 03 00 01 00053555
दुरावणे 03 00 01 00051101
दुरुस्ती_करणे 03 01 0400 01 00007138
दुर्गंध_येणे 03 01 0400 01 00009613
दुहणे 03 01 0400 01 00009134
दूर_राहणे 03 01 0400 01 00011509
दूर_होणे 03 01 0400 01 00012790
देखरेख_करणे 03 01 0400 01 00009156
देणे 03 01 0400 02 00006235 00016296
देवघेव_करणे 03 01 0400 01 00007122
देवाघरी_जाणे 03 01 0400 01 00007643
देवाणघेवाण_करणे 03 01 0400 01 00007122
दोषमुक्त_करणे 03 01 0400 01 00005427
दोषवर्णन_करणे 03 01 0400 01 00001579
दोहणे 03 01 0400 01 00009134
दोहन_करणे 03 01 0400 01 00009134
द्रवणे 03 01 0400 01 00008691
धकणे 03 01 0400 04 00052207 00052953 00054558 00012171
धक्का_देणे 03 01 0400 01 00005863
धगधगवणे 03 01 0400 01 00011147
धजावणे 03 01 0400 01 00051761
धडक_देणे 03 01 0400 02 00013677 00005699
धडकणे 03 01 0400 02 00005696 00005699
धडधडणे 03 01 0400 01 00009182
धमकावणे 03 01 0400 01 00000244
धरणे 03 01 0400 05 00052217 00008116 00012024 00011257 00007666
धसणे 03 01 0400 02 00004690 00013853
धाडणे 03 01 0400 01 00007453
धाय_मोकलून_रडणे 03 01 0400 01 00000240
धार_काढणे 03 01 0400 01 00009134
धार_पडणे 03 01 0400 01 00005559
धारण_करणे 03 01 0400 01 00003939
धावणे 03 01 0400 03 00006258 00054559 00011384
धावपळ_करणे 03 01 0400 01 00011384
धाववणे 03 01 0400 01 00009172
धीर_ठेवणे 03 01 0400 01 00013505
धीर_देणे 03 01 0400 01 00003721
धुंडणे 03 01 0400 01 00005330
धुंडाळणे 03 01 0400 01 00005330
धुंदीत_असणे 03 01 0400 01 00012507
धुऊन_निघणे 03 01 0400 01 00009201
धुडकावणे 03 01 0400 02 00052063 00053933
धुणकणे 03 01 0400 01 00009198
धुणे 03 01 0400 02 00009335 00012774
धुतकारणे 03 01 0400 02 00005787 00013492
धुतकाविणे 03 01 0400 01 00013492
धुतले_जाणे 03 01 0400 01 00009201
धुतले_जाणे 03 01 0400 01 00012791
धुपणे 03 01 0400 01 00054153
धुमसणे 03 00 01 00051786
धुम्रपान_करणे 03 01 0400 01 00006857
धूपणे 03 01 0400 01 00018917
धूपवणे 03 01 0400 01 00018917
धैर्य_ठेवणे 03 01 0400 01 00013505
धोका_देणे 03 01 0400 01 00007136
धोपटणे 03 01 0400 01 00000591
नकार_देणे 03 01 0400 01 00005784
नक्की_करणे 03 01 0400 01 00012681
नखरे_करणे 03 01 0400 01 00007131
नटणे 03 01 0400 01 00010143
नटवणे 03 01 0400 01 00002557
नडणे 03 01 0400 01 00001379
नमणे 03 01 0400 01 00011570
नमते_घेणे 03 01 0400 01 00011570
नल्ल 03 01 0400 13 00051586 00054650 00054458 00054347 00054273 00054001 00053796 00053506 00053349 00053084 00052943 00051361 00054703
नशा_होणे 03 01 0400 01 00005134
नष्ट_करणे 03 01 0400 01 00007644
नष्ट_करणे 03 01 0400 01 00012177
नसणे 03 01 0400 01 00054629
नांगरणे 03 01 0400 02 00005671 00051808
नाकात_बोलणे 03 01 0400 01 00009214
नाकारणे 03 01 0400 01 00005784
नाखूश_होणे 03 01 0400 01 00002666
नागनाथ 03 01 0400 01 00019189
नागेश्वरनाथ 03 01 0400 01 00019189
नाच_करणे 03 01 0400 01 00006411
नाचणे 03 01 0400 02 00006411 00011383
नाचवणे 03 01 0400 02 00012747 00009548
नाचविणे 03 01 0400 01 00009548
नाचवून_घेणे 03 01 0400 01 00011980
नादुरूस्त_होणे 03 01 0400 01 00002532
नाराज_होणे 03 01 0400 01 00002666
नाव_मागे_घेणे 03 01 0400 01 00011394
नावजणे 03 01 0400 01 00008243
नाश_करणे 03 01 0400 01 00007644
नाश_करणे 03 01 0400 01 00012177
नासणे 03 01 0400 02 00006884 00010157
नासावणे 03 01 0400 02 00053120 00015076
नासाविणे 03 01 0400 01 00015076
नाहणे 03 01 0400 01 00006399
निंदणे 03 01 0400 01 00010765
निंदा_करणे 03 01 0400 01 00001579
निंदानालस्ती_करणे 03 01 0400 01 00001579
निघणे 03 01 0400 14 00010788 00012607 00019129 00012598 00012596 00012595 00011831 00012189 00012594 00012593 00011840 00053691 00053408 00012239
निघून_जाणे 03 01 0400 01 00011830
निजणे 03 01 0400 01 00008500
निपटणे 03 01 0400 03 00007212 00052125 00053057
निभवणे 03 01 0400 01 00012165
निभवून_घेणे 03 01 0400 01 00012165
निभावणे 03 01 0400 01 00012165
निभावून_घेणे 03 01 0400 01 00012165
निमंत्रण_करणे 03 01 0400 01 00006578
नियंत्रण_ठेवणे 03 01 0400 01 00012229
नियुक्त_करणे 03 01 0400 01 00007387
निरसणे 03 01 0400 01 00010310
निरीक्षण_करणे 03 01 0400 01 00051525
निरुद्योगी_असणे 03 01 0400 01 00011395
निरूत्तर_होणे 03 01 0400 01 00002431
निर्णय_होणे 03 01 0400 01 00012996
निर्धारित_करणे 03 01 0400 01 00012681
निर्भर्त्सणे 03 01 0400 01 00001579
निर्मल_करणे 03 01 0400 01 00010145
निवड_करणे 03 01 0400 01 00012050
निवड_न_करणे 03 01 0400 01 00012829
निवडणे 03 01 0400 05 00003080 00012050 00012772 00012023 00012051
निवणे 03 00 01 00051855
निवर्तणे 03 01 0400 01 00007643
निवळणे 03 01 0400 01 00009274
निवारणे 03 01 0400 01 00010310
निशा_येणे 03 01 0400 01 00005134
निश्चित_करणे 03 01 0400 01 00012681
निश्चित_होणे 03 01 0400 01 00012996
निसटणे 03 01 0400 01 00053101
निसरणे 03 01 0400 01 00010190
निस्तरणे 03 01 0400 01 00051861
नुकसान_होणे 03 01 0400 01 00013502
नुकसानभरपाई_करणे 03 01 0400 01 00007384
नूतनीकरण_करणे 03 01 0400 01 00007119
नृत्य_करणे 03 01 0400 01 00006411
नेणे 03 01 0400 03 00053944 00009553 00013060
नेमणे 03 01 0400 02 00007387 00011597
नेसणे 03 01 0400 01 00051842
नोंद_होणे 03 01 0400 01 00005125
नोंदणे 03 01 0400 01 00008070
नोंदवणे 03 01 0400 01 00008070
न्हाणे 03 01 0400 01 00006399
पकडणे 03 01 0400 04 00012024 00019545 00011257 00007666
पचणे 03 01 0400 01 00009340
पचवणे 03 01 0400 03 00009339 00051895 00019894
पछाडणे 03 00 01 00052459
पटकावणे 03 01 0400 01 00026671
पटणे 03 01 0400 03 00051874 00005497 00012997
पटवणे 03 01 0400 02 00018901 00014038
पटविणे 03 01 0400 01 00014038
पडणे 03 01 0400 15 00010790 00011620 00019106 00012510 00012506 00013099 00012498 00012516 00012505 00012503 00012502 00012500 00011558 00012504 00007339
पडताळणे 03 01 0400 01 00005333
पडलेला_असणे 03 01 0400 01 00013573
पडून_असणे 03 01 0400 02 00012500 00012498
पणाला_लावणे 03 01 0400 01 00052096
पत्करणे 03 01 0400 01 00002015
पदोन्नती_देणे 03 01 0400 01 00026855
परत_करणे 03 01 0400 01 00009554
परतणे 03 01 0400 05 00006094 00009660 00009537 00020102 00011926
परतफेड 03 01 0400 01 00052446
परतवणे 03 01 0400 02 00009554 00011978
परतविणे 03 01 0400 01 00011978
परवडणे 03 00 01 00051892
परवानगी_देणे 03 01 0400 01 00007596
परागंदा_होणे 03 01 0400 01 00009649
पराभव_करणे 03 01 0400 01 00009344
पराभव_होणे 03 01 0400 02 00007739 00007834
परिक्रमा_करणे 03 01 0400 01 00005069
परिपक्व_करणे 03 01 0400 01 00006597
परिश्रम_करणे 03 01 0400 01 00007859
परीक्षा_करणे 03 01 0400 01 00004240
पलटणे 03 01 0400 03 00020102 00011926 00006343
पलायन_करणे 03 01 0400 04 00004032 00004743 00011790 00009649
पल्लवणे 03 01 0400 01 00010787
पळ_काढणे 03 01 0400 01 00004032
पळणे 03 01 0400 03 00006258 00004743 00014256
पळवणे 03 01 0400 03 00005278 00009172 00011970
पळविणे 03 01 0400 01 00011970
पळून_जाणे 03 01 0400 02 00011790 00009649
पळून_जाणे 03 01 0400 01 00014256
पश्चाताप_होणे 03 01 0400 01 00006618
पसंत_करणे 03 01 0400 02 00012023 00012051
पसरणे 03 01 0400 06 00004604 00007105 00008500 00051185 00005348 00011872
पसरवणे 03 01 0400 02 00005348 00011953
पसरविणे 03 01 0400 01 00011953
पसार_होणे 03 01 0400 01 00004032
पस्तावणे 03 01 0400 01 00006618
पस्तावा_होणे 03 01 0400 01 00006618
पहुडणे 03 01 0400 01 00011558
प़टविणे 03 01 0400 01 00018901
पांगणे 03 00 01 00051922
पांघरणे 03 01 0400 01 00003937
पाऊस_पडणे 03 01 0400 01 00005835
पाऊस_येणे 03 01 0400 01 00005835
पाखडणे 03 01 0400 01 00009519
पाखडवून_घेणे 03 01 0400 01 00011969
पाखडून_घेणे 03 01 0400 01 00011969
पाजणे 03 01 0400 02 00020029 00020032
पाजवणे 03 01 0400 01 00020032
पाझरणे 03 01 0400 02 00005281 00007437
पाठ_थोपटणे 03 01 0400 01 00011936
पाठलाग_करणे 03 01 0400 01 00007861
पाठवणे 03 01 0400 01 00007453
पाठीमागे_लावणे 03 01 0400 01 00005440
पाडणे 03 01 0400 02 00020069 00011489
पाणउतारा_सहन_करणे 03 01 0400 01 00000590
पाणावणे 03 01 0400 01 00054582
पाण्यात_थंड_करणे 03 01 0400 01 00014104
पादणे 03 01 0400 01 00011579
पान्हणे 03 01 0400 01 00012130
पान्हविणे 03 01 0400 01 00012130
पान्हा_फुटणे 03 01 0400 01 00012130
पान्हावणे 03 01 0400 01 00012130
पान्हेणे 03 01 0400 01 00012130
पार_करणे 03 01 0400 01 00004920
पारखणे 03 01 0400 01 00004240
पालटणे 03 01 0400 02 00007121 00020102
पालथणे 03 01 0400 01 00020102
पालवणे 03 01 0400 01 00010787
पाल्हेजणे 03 01 0400 01 00010850
पाल्हेणे 03 01 0400 01 00010850
पाळणे 03 01 0400 01 00003672
पावणे 03 01 0400 01 00011876
पास_होणे 03 01 0400 01 00004620
पाहणी_करणे 03 01 0400 01 00019100
पाहणे 03 01 0400 05 00006229 00019104 00019103 00019100 00019101
पिंजणे 03 01 0400 01 00009198
पिकणे 03 01 0400 01 00008693
पिकवणे 03 01 0400 01 00006597
पिटणे 03 01 0400 01 00000591
पिटाळणे 03 01 0400 01 00008397
पिडणे 03 01 0400 01 00012173
पिणे 03 01 0400 02 00004692 00006855
पिरगळणे 03 01 0400 01 00003925
पिळणे 03 01 0400 03 00003925 00005600 00011189
पिसणे 03 00 01 00053350
पिसाळणे 03 01 0400 02 00051465 00051966
पीळ_पडणे 03 01 0400 01 00025629
पुंजवणे 03 00 01 00052252
पुंजावणे 03 01 0400 01 00052251
पुकारा_करणे 03 01 0400 01 00006862
पुचकारणे 03 01 0400 01 00053535
पुजणे 03 01 0400 01 00003047
पुटपुटणे 03 01 0400 01 00005585
पुनरावृत्ति_करणे 03 01 0400 01 00009135
पुरणे 03 01 0400 02 00008697 00020148
पुरवठा_होणे 03 01 0400 01 00012993
पुसणे 03 01 0400 04 00007645 00052522 00023468 00014100
पूजणे 03 01 0400 01 00011496
पूजन_करणे 03 01 0400 01 00003047
पूजा_करणे 03 01 0400 01 00003047
पेंगणे 03 01 0400 01 00005545
पेटणे 03 01 0400 02 00005524 00053742
पेटवणे 03 01 0400 01 00011433
पेरणे 03 01 0400 01 00007345
पोखरून_टाकणे 03 01 0400 01 00012177
पोचणे 03 01 0400 02 00003437 00011876
पोचवणे 03 01 0400 03 00007452 00011878 00011879
पोचविणे 03 01 0400 01 00011879
पोळणे 03 01 0400 01 00011443
पोशाख_पुरवणे 03 01 0400 01 00052573
पोहचणे 03 01 0400 04 00003437 00011876 00011873 00011877
पोहचवणे 03 01 0400 01 00011879
पोहणे 03 01 0400 01 00009046
पोहोचणे 03 01 0400 04 00003437 00011876 00011874 00011875
पोहोचते_करणे 03 01 0400 01 00007452
पोहोचवणे 03 01 0400 03 00007452 00011878 00011879
पोहोचविणे 03 01 0400 01 00011879
प्रकट_करणे 03 01 0400 01 00000246
प्रकटणे 03 01 0400 01 00004708
प्रकाशणे 03 01 0400 01 00011255
प्रकाशित_होणे 03 01 0400 01 00012596
प्रकाशित_करणे 03 01 0400 01 00012795
प्रगती_करणे 03 01 0400 01 00011929
प्रगती_होणे 03 01 0400 01 00004678
प्रगती_करणे 03 01 0400 01 00018791
प्रज्वलित_करणे 03 01 0400 02 00011669 00011147
प्रतिपातन_करणे 03 01 0400 01 00004303
प्रतिपादणे 03 01 0400 01 00004303
प्रत्यक्षात_येणे 03 01 0400 01 00053181
प्रदक्षणा_घालणे 03 01 0400 01 00005069
प्रवृत्ती_असणे 03 01 0400 01 00051875
प्रवेशणे 03 01 0400 01 00003438
प्रशंसा_करणे 03 01 0400 01 00008243
प्रशिक्षित_करणे 03 01 0400 01 00008303
प्रसवणे 03 01 0400 01 00007091
प्रसिद्ध_करणे 03 01 0400 01 00053257
प्रसिद्ध_करणे 03 01 0400 01 00012795
प्रसूती_करवणे 03 01 0400 01 00011552
प्रसूती_करविणे 03 01 0400 01 00011552
प्राण_खाणे 03 01 0400 01 00004238
प्राण_घेणे 03 01 0400 01 00007622
प्राणाची_आहुती_देणे 03 01 0400 01 00005124
प्राणार्पण_करणे 03 01 0400 01 00005124
प्राप्त_करणे 03 01 0400 01 00011511
प्राबल्य_असणे 03 01 0400 01 00005132
प्रारंभ_करणे 03 01 0400 01 00005417
प्रारंभ_होणे 03 01 0400 01 00011860
प्रारंभ_होणे 03 01 0400 01 00011881
प्राशन_करणे 03 01 0400 01 00006855
प्रेम_करणे 03 01 0400 02 00003023 00010987
प्रेम_असणे 03 01 0400 01 00007595
प्रेमात_पडणे 03 01 0400 01 00002530
प्रोक्षण_करणे 03 01 0400 01 00018894
प्रोक्षणे 03 01 0400 01 00018894
फटकारणे 03 01 0400 01 00005142
फटफटणे 03 01 0400 01 00051198
फडकणे 03 01 0400 01 00007033
फडकवणे 03 01 0400 01 00011952
फडकावणे 03 01 0400 01 00011952
फडफडणे 03 01 0400 01 00008879
फडफडवणे 03 01 0400 01 00009386
फरपटणे 03 01 0400 01 00011617
फरपटवणे 03 01 0400 02 00011966 00005043
फरफटणे 03 01 0400 01 00005043
फरफटवणे 03 01 0400 02 00011966 00005043
फरफरवणे 03 01 0400 01 00005043
फरमावणे 03 01 0400 01 00004300
फरारी_होणे 03 01 0400 01 00009649
फर्मावणे 03 01 0400 01 00004300
फळफळणे 03 01 0400 01 00052042
फळवणे 03 01 0400 01 00019018
फळविणे 03 01 0400 01 00019018
फसणे 03 01 0400 02 00054553 00012319
फसवणे 03 01 0400 03 00054554 00010169 00007136
फसविणे 03 01 0400 02 00010169 00007136
फस्त_करणे 03 01 0400 01 00011945
फांकणे 03 01 0400 01 00011491
फांसणे 03 01 0400 01 00011621
फाकणे 03 01 0400 01 00011491
फाटणे 03 01 0400 02 00001861 00006884
फाडणे 03 01 0400 01 00005254
फारकत_घेणे 03 01 0400 01 00005431
फासणे 03 01 0400 02 00053409 00011621
फिकीर_वाटणे 03 01 0400 01 00005031
फिटणे 03 00 01 00052050
फिरणे 03 01 0400 04 00005070 00005067 00005072 00006343
फिरवणे 03 01 0400 06 00009552 00009548 00009553 00012743 00012744 00012745
फिरविणे 03 01 0400 05 00009548 00009553 00012743 00012744 00012745
फिरावयास_जाणे 03 01 0400 01 00005072
फिसकारणे 03 01 0400 01 00011592
फुंक_मारणे 03 01 0400 01 00007046
फुंकणे 03 01 0400 03 00007046 00013040 00013039
फुंकर_घालणे 03 01 0400 01 00007046
फुकणे 03 01 0400 01 00013039
फुगणे 03 01 0400 03 00007048 00008248 00020260
फुगवणे 03 01 0400 01 00020264
फुट_लागणे 03 01 0400 01 00012519
फुटणे 03 01 0400 11 00012240 00012606 00008428 00019122 00019121 00019129 00019120 00019119 00019118 00012519 00012524
फुत्करणे 03 01 0400 01 00011592
फुलणे 03 01 0400 03 00004675 00052061 00013659
फुलवणे 03 01 0400 02 00012201 00020263
फुलविणे 03 01 0400 02 00012201 00020263
फुलारणे 03 01 0400 01 00052061
फुशारकी_मारणे 03 01 0400 01 00011027
फुसफुसणे 03 01 0400 02 00009549 00011592
फुसलविणे 03 01 0400 01 00003130
फुसलावणे 03 01 0400 02 00007045 00003130
फेकणे 03 01 0400 02 00007052 00007050
फेकून_देणे 03 01 0400 01 00013076
फेटाळणे 03 00 01 00052063
फेडणे 03 00 01 00053532
फेसणे 03 01 0400 01 00007053
फैलावणे 03 01 0400 01 00007105
फैसला_होणे 03 01 0400 01 00012996
फोडणी_देणे 03 01 0400 01 00005376
फोडणे 03 01 0400 03 00005437 00023703 00011427
फोडून_काढणे 03 01 0400 01 00023703
फोफावणे 03 01 0400 01 00009374
बंद_करणे 03 01 0400 02 00010641 00012446
बंद_पाडणे 03 01 0400 01 00010641
बंद_होणे 03 01 0400 01 00054651
बंधनमुक्त_होणे 03 01 0400 01 00011829
बंधमुक्त_होणे 03 01 0400 01 00011829
बकबक_करणे 03 01 0400 02 00007071 00007072
बघणे 03 01 0400 05 00006229 00019104 00019103 00019100 00019101
बचावणे 03 01 0400 01 00011508
बजावणे 03 01 0400 01 00054286
बट्टा_लावणे 03 01 0400 01 00006970
बडबड_करणे 03 01 0400 01 00007072
बडबडणे 03 01 0400 02 00007071 00007072
बडवणे 03 01 0400 02 00000591 00005046
बढती_होणे 03 01 0400 01 00023655
बढाई_मारणे 03 01 0400 02 00011027 00012773
बदडणे 03 01 0400 02 00000591 00013500
बदल_करणे 03 01 0400 01 00007119
बदल_होणे 03 01 0400 01 00007121
बदलणे 03 01 0400 03 00007121 00008136 00006343
बदला_घेणे 03 01 0400 01 00006227
बदली_करणे 03 01 0400 01 00052247
बधिर_होणे 03 01 0400 01 00008501
बधिरणे 03 01 0400 01 00054180
बनणे 03 01 0400 01 00007132
बनवणे 03 01 0400 03 00007139 00012197 00011960
बनविणे 03 01 0400 01 00005871
बरळणे 03 01 0400 01 00009607
बर्फ_पडणे 03 01 0400 01 00053721
बलिदान_देणे 03 01 0400 01 00005124
बळकावणे 03 01 0400 02 00009339 00011578
बळी_देणे 03 01 0400 01 00008493
बसणे 03 01 0400 06 00002917 00004690 00018626 00011883 00007340 00011392
बसवणे 03 01 0400 05 00007880 00006589 00011414 00018625 00007442
बसविणे 03 01 0400 03 00011414 00018625 00007442
बहकणे 03 01 0400 02 00014258 00014257
बहकावणे 03 01 0400 01 00003130
बहकाविणे 03 01 0400 01 00003130
बहरणे 03 01 0400 02 00052061 00007047
बांधणी_करणे 03 01 0400 01 00012678
बांधणे 03 01 0400 04 00007220 00007222 00012197 00007223
बांधले_जाणे 03 01 0400 01 00009570
बाकी_राहणे 03 01 0400 01 00006436
बाकी_असणे 03 01 0400 01 00012520
बाजू_घेणे 03 01 0400 01 00053645
बाजूला_काढणे 03 01 0400 01 00012051
बाजूला_होणे 03 01 0400 01 00012606
बाधणे 03 00 01 00052450
बारगळणे 03 01 0400 01 00053265
बारीक_होणे 03 01 0400 01 00004412
बाळगणे 03 01 0400 01 00003672
बावरणे 03 01 0400 01 00053064
बाष्प_होणे 03 01 0400 01 00011442
बाहेर_निघणे 03 01 0400 01 00012599
बाहेर_येणे 03 01 0400 01 00012599
बाहेर_काढणे 03 01 0400 01 00013068
बाहेर_पडणे 03 01 0400 01 00012606
बिंबणे 03 01 0400 01 00018597
बिंबवणे 03 01 0400 01 00018598
बिघडणे 03 01 0400 01 00002532
बिघडवणे 03 01 0400 04 00015073 00015074 00015077 00015075
बिघडविणे 03 01 0400 04 00015073 00015074 00015077 00015075
बिघाड_होणे 03 01 0400 01 00002532
बिचकावणे 03 01 0400 01 00011934
बिचकाविणे 03 01 0400 01 00011934
बिथरणे 03 00 01 00052121
बिलगणे 03 01 0400 01 00053388
बुचकळणे 03 01 0400 01 00053575
बुजवणे 03 01 0400 01 00012446
बुडणे 03 01 0400 05 00002970 00005351 00005849 00005850 00052128
बुडवणे 03 01 0400 01 00008948
बुडून_जाणे 03 01 0400 01 00005849
बेकार_असणे 03 01 0400 01 00011395
बेचैन_होणे 03 01 0400 01 00002269
बेडका_काढणे 03 01 0400 01 00011177
बेतणे 03 00 01 00052145
बेरीज_करणे 03 01 0400 01 00007335
बेरोजगार_असणे 03 01 0400 01 00011395
बेशुद्ध_होणे 03 01 0400 01 00015921
बोंब 03 01 0400 01 00053343
बोंबलणे 03 01 0400 01 00054151
बोचकारणे 03 01 0400 01 00010682
बोचणे 03 01 0400 03 00005060 00001379 00011747
बोचवणे 03 01 0400 01 00004748
बोबडे_बोलणे 03 01 0400 01 00006601
बोलणे 03 01 0400 09 00001910 00001912 00003756 00011483 00013375 00013376 00018364 00012682 00012683
बोलवणे 03 01 0400 01 00011610
बोलावणे 03 01 0400 02 00006578 00011610
बोलाविणे 03 01 0400 01 00011610
भंगणे 03 01 0400 01 00010860
भंडावणे 03 00 01 00052180
भकणे 03 01 0400 01 00014257
भक्षण_करणे 03 01 0400 01 00004655
भजणे 03 00 01 00052182
भटकणे 03 01 0400 02 00005070 00014257
भडकणे 03 01 0400 02 00004858 00011434
भडकविणे 03 01 0400 01 00003130
भडकावणे 03 01 0400 01 00003129
भडकाविणे 03 01 0400 01 00003130
भडभड_पेटविणे 03 01 0400 01 00011147
भडाडणे 03 01 0400 01 00011434
भयभित_होणे 03 01 0400 01 00011389
भरणा_करणे 03 01 0400 01 00006237
भरणे 03 01 0400 08 00007389 00006237 00011863 00012991 00012992 00013574 00014059 00014230
भरतकाम_करणे 03 01 0400 01 00011487
भरले_जाणे 03 01 0400 01 00013574
भरवणे 03 01 0400 01 00004686
भलत्या_वाटेस_लागणे 03 01 0400 01 00014258
भवति_न_भवति_होणे 03 01 0400 01 00000242
भांगलणे 03 01 0400 01 00010765
भांडणे 03 01 0400 01 00007892
भागणे 03 01 0400 03 00006053 00052207 00014103
भागवणे 03 01 0400 01 00051885
भाजणे 03 01 0400 04 00005621 00009660 00011443 00011457
भाड्यावर_जाणे 03 01 0400 01 00012185
भाड्यावर_देणे 03 01 0400 01 00012199
भारणे 03 01 0400 01 00011430
भाळणे 03 01 0400 01 00005867
भावना_प्रकट_करणे 03 01 0400 01 00000245
भावना_व्यक्त_करणे 03 01 0400 01 00000245
भाषण_करणे 03 01 0400 01 00001910
भासणे 03 01 0400 01 00011581
भिक्षा_घालणे 03 01 0400 01 00006236
भिक्षा_देणे 03 01 0400 01 00006236
भिजविणे 03 01 0400 01 00022397
भिजवून_घेणे 03 01 0400 01 00012037
भिडणे 03 01 0400 01 00012323
भिणे 03 01 0400 02 00005032 00011389
भिनणे 03 01 0400 02 00054625 00011861
भिरकावणे 03 01 0400 02 00054626 00007050
भिरभिरणे 03 01 0400 01 00054627
भिववणे 03 01 0400 02 00011390 00009090
भुंकणे 03 01 0400 01 00009682
भुगा_करणे 03 01 0400 01 00012735
भुगा_होणे 03 01 0400 01 00012736
भुरभुरणे 03 01 0400 01 00005347
भुलणे 03 01 0400 01 00005867
भेगाळणे 03 01 0400 01 00051242
भेट_घेणे 03 01 0400 01 00007664
भेट_देणे 03 01 0400 01 00006232
भेटणे 03 01 0400 01 00007664
भोगणे 03 01 0400 02 00006805 00013563
भोसकणे 03 01 0400 01 00004749
भ्रमण_करणे 03 01 0400 01 00005070
भ्रमात_टाकणे 03 01 0400 01 00011371
भ्रमिष्ट_करणे 03 01 0400 01 00011371
मंतरणे 03 01 0400 02 00005593 00011430
मंत्र_घालणे 03 01 0400 01 00011430
मंथणे 03 01 0400 01 00009724
मंथन_करणे 03 01 0400 01 00009724
मंद_स्मित_करणे 03 01 0400 01 00004676
मंदावणे 03 01 0400 01 00054623
मग्न_होणे 03 01 0400 01 00005849
मग्न_असणे 03 01 0400 01 00012507
मघमघणे 03 01 0400 01 00052986
मटकावणे 03 00 01 00052259
मडचणे 03 00 01 00053555
मढणे 03 01 0400 01 00011420
मढवणे 03 01 0400 01 00011420
मढविणे 03 01 0400 01 00011420
मद्यपान_करणे 03 01 0400 01 00006856
मन_रमवणे 03 01 0400 01 00004718
मन_होणे 03 01 0400 01 00005212
मन_मोकळे_करणे 03 01 0400 01 00012237
मनवणे 03 01 0400 01 00014038
मनविणे 03 01 0400 01 00014038
मरणे 03 01 0400 04 00007643 00014360 00014359 00014358
मल्लयुद्ध_करणे 03 01 0400 01 00007893
मळणे 03 01 0400 02 00014198 00054175
मळमळणे 03 01 0400 01 00009705
मस्तावणे 03 01 0400 01 00012184
महागणे 03 01 0400 01 00005135
मांडणे 03 01 0400 03 00000246 00005912 00023174
मांडी_घालून_बसणे 03 01 0400 01 00002882
माखणे 03 01 0400 01 00009490
मागणे 03 01 0400 01 00007578
मागवणे 03 01 0400 01 00009692
मागे_पडणे 03 01 0400 01 00009444
मागे_लावणे 03 01 0400 01 00005440
माघवणे 03 01 0400 01 00009692
माजणे 03 01 0400 01 00012184
माथी_मारणे 03 01 0400 01 00012679
मान_राखणे 03 01 0400 01 00006895
मानखंडना_करणे 03 01 0400 01 00000589
मानणे 03 01 0400 03 00012437 00012438 00012439
मान्य_असणे 03 01 0400 01 00008222
मान्य_करणे 03 01 0400 01 00008222
मान्यता_देणे 03 01 0400 02 00007596 00051931
माप_घेणे 03 01 0400 01 00013576
मापणे 03 01 0400 02 00007604 00013576
माफ_करणे 03 01 0400 01 00005430
माफी_करणे 03 01 0400 01 00005430
मामा_करणे 03 01 0400 01 00007139
माया_करणे 03 01 0400 02 00003023 00010987
मार_खाणे 03 01 0400 01 00013500
मार_देणे 03 01 0400 01 00023703
मारणे 03 01 0400 05 00000591 00053301 00007622 00011589 00013500
मालवणे 03 01 0400 01 00023657
मालिश_करणे 03 01 0400 01 00014393
मालीश_करणे 03 01 0400 01 00014393
मावणे 03 01 0400 01 00011050
मावळणे 03 01 0400 01 00005351
मिटणे 03 01 0400 03 00007431 00009803 00053190
मिटवणे 03 01 0400 01 00012446
मिठी_मारणे 03 01 0400 02 00005225 00011488
मिणमिणणे 03 01 0400 01 00008911
मिनतवारी_करणे 03 01 0400 01 00005051
मिरवणे 03 01 0400 02 00053543 00011485
मिळणे 03 01 0400 03 00007669 00011876 00011884
मिळवणी_करणे 03 01 0400 01 00007335
मिळवणे 03 01 0400 03 00004098 00052944 00011511
मिळविणे 03 01 0400 01 00011511
मिसळणे 03 01 0400 02 00007671 00013876
मिसळवणे 03 01 0400 01 00013876
मुंग्या_येणे 03 01 0400 01 00008501
मुंडणे 03 01 0400 01 00011714
मुंडन_करणे 03 01 0400 01 00009826
मुकणे 03 01 0400 01 00052302
मुका_घेणे 03 01 0400 01 00008775
मुक्काम_करणे 03 01 0400 01 00013661
मुक्त_करणे 03 01 0400 01 00005429
मुक्त_होणे 03 01 0400 01 00012937
मुक्त_होणे 03 01 0400 02 00012450 00011829
मुतणे 03 01 0400 01 00009844
मुद्रित_करणे 03 01 0400 03 00012624 00008791 00008793
मुरडणे 03 01 0400 02 00003925 00007131
मुरणे 03 01 0400 02 00054613 00054625
मुळमुळणे 03 01 0400 01 00053725
मुसमुसणे 03 01 0400 01 00000238
मूल्य_निर्धारण_करणे 03 01 0400 01 00005554
मृत्युमुखी_पडणे 03 01 0400 01 00007643
मेमणे 03 01 0400 01 00009798
मेमाणे 03 01 0400 01 00009798
मेहनत_करणे 03 01 0400 01 00007859
मोकळे_होणे 03 01 0400 02 00012237 00011829
मोजणी_करणे 03 01 0400 01 00004907
मोजणे 03 01 0400 03 00004907 00007604 00013576
मोठे_करणे 03 01 0400 01 00011925
मोडणे 03 01 0400 08 00009029 00010861 00010860 00012521 00012448 00011848 00012522 00012523
मोडून_येणे 03 01 0400 01 00012524
मोह_पाडणे 03 01 0400 01 00004248
मोहरणे 03 01 0400 01 00007047
मोहित_करणे 03 01 0400 01 00011744
म्हणणे 03 01 0400 01 00013373
म्हणून_घेणे 03 01 0400 01 00011611
म्हातारचळ_लागणे 03 01 0400 01 00010155
म्हातारपण_येणे 03 01 0400 01 00005765
म्हातारा_होणे 03 01 0400 01 00005765
यंत्र_लावणे 03 01 0400 01 00052538
यशस्वी_होणे 03 01 0400 01 00004620
युद्ध_करणे 03 01 0400 01 00005701
येणे 03 01 0400 16 00006094 00011875 00012188 00011881 00012503 00012497 00012180 00011884 00010965 00012189 00021034 00008116 00011882 00053691 00010788 00012605
येणे_असणे 03 01 0400 01 00012601
रंगणे 03 01 0400 02 00005498 00023290
रक्ताळणे 03 01 0400 01 00053373
रक्षण_करणे 03 01 0400 01 00011506
रखडणे 03 01 0400 01 00051344
रखडने 03 01 0400 01 00011565
रगडणे 03 01 0400 02 00009900 00009802
रचणे 03 01 0400 03 00023289 00012052 00023291
रडणे 03 01 0400 01 00000235
रडवणे 03 01 0400 01 00009930
रफूचक्कर_होणे 03 01 0400 01 00009649
रवंथ_करणे 03 01 0400 01 00005387
रवंथणे 03 01 0400 01 00005387
रवाना_करणे 03 01 0400 01 00007453
रस_असणे 03 01 0400 01 00005211
रस्ता_चुकणे 03 01 0400 01 00014257
रांगणे 03 01 0400 01 00009577
रांगवणे 03 01 0400 01 00011972
रांधणे 03 01 0400 01 00006595
राखणे 03 01 0400 02 00053587 00015309
राग_आणणे 03 01 0400 01 00009033
रागवणे 03 01 0400 01 00005142
रागावणे 03 01 0400 02 00005142 00004858
रागे_भरणे 03 01 0400 01 00005142
राजी_असणे 03 01 0400 01 00008222
राबवणे 03 01 0400 02 00003440 00011844
राहणे 03 01 0400 12 00006436 00019106 00012445 00012520 00012442 00012444 00011834 00007491 00054651 00011050 00010876 00013661
रिघणे 03 01 0400 01 00003438
रिझणे 03 01 0400 01 00009620
रुंजी_घालणे 03 01 0400 01 00005071
रुकार_देणे 03 01 0400 01 00007596
रुचणे 03 01 0400 01 00002468
रुजणे 03 01 0400 02 00003741 00012475
रुजवणे 03 01 0400 01 00054652
रुतणे 03 01 0400 02 00005060 00002529
रुतवणे 03 01 0400 01 00004748
रुदन_करणे 03 01 0400 01 00000235
रुळणे 03 00 01 00052383
रुष्ट_होणे 03 01 0400 01 00002666
रुसणे 03 01 0400 01 00002820
रूजवणे 03 01 0400 01 00054653
रेंगाळणे 03 01 0400 03 00011565 00052608 00011616
रेकणे 03 01 0400 01 00052385
रेखटणे 03 01 0400 01 00011855
रेखाटणे 03 01 0400 03 00004731 00011853 00011855
रेटणे 03 01 0400 01 00005863
रोखणे 03 01 0400 03 00010745 00010746 00011130
रोडावणे 03 01 0400 01 00004412
रोप_लावणे 03 01 0400 01 00012476
रोपण_करणे 03 01 0400 01 00011587
रोळणे 03 01 0400 01 00054655
रोवणे 03 01 0400 01 00008698
रोवळणे 03 01 0400 01 00054655
र्‍हास_होणे 03 01 0400 01 00003987
लंगडणे 03 01 0400 01 00009479
लकाकणे 03 01 0400 01 00005152
लक्ष_ठेवणे 03 01 0400 01 00009156
लक्षात_येणे 03 01 0400 01 00008221
लक्षात_येणे 03 01 0400 01 00012183
लखलखणे 03 01 0400 01 00005152
लग्न_करणे 03 01 0400 01 00007144
लचकणे 03 00 01 00052396
लटकणे 03 01 0400 01 00052433
लटकवणे 03 01 0400 01 00018494
लटकावणे 03 01 0400 01 00018494
लटपटणे 03 01 0400 01 00052400
लढणे 03 01 0400 02 00005701 00024097
लढविणे 03 01 0400 01 00003486
लढाई_करणे 03 01 0400 01 00005701
लपणे 03 01 0400 01 00005353
लपतछपत_ऐकणे 03 01 0400 01 00015983
लपवणे 03 01 0400 02 00005277 00005275
लपविणे 03 01 0400 02 00005277 00005275
लपूनछपून_ऐकणे 03 01 0400 01 00015983
लपेटणे 03 01 0400 02 00002048 00012917
लवंडणे 03 01 0400 02 00051848 00013095
लवणे 03 01 0400 01 00005614
लववणे 03 01 0400 01 00009239
लांच_देणे 03 01 0400 01 00012179
लांब_करणे 03 01 0400 01 00011925
लांबवणे 03 01 0400 02 00005278 00053227
लागणे 03 01 0400 30 00001860 00052456 00052457 00052458 00052459 00052460 00008116 00012475 00011862 00012501 00012511 00011594 00011859 00013765 00052455 00052454 00006283 00011583 00052440 00011593 00052443 00052444 00011582 00052447 00011585 00052450 00052451 00052452 00052453 00011598
लागवड_करणे 03 01 0400 01 00011587
लागू_करणे 03 01 0400 01 00010678
लाच_देणे 03 01 0400 01 00012179
लाजवणे 03 01 0400 01 00004735
लाटणे 03 01 0400 03 00009339 00019459 00011578
लाताळणे 03 01 0400 01 00013493
लाथ_मारणे 03 01 0400 01 00013493
लाथाडणे 03 01 0400 01 00013493
लाथाडने 03 01 0400 01 00000592
लाथाळणे 03 01 0400 01 00013493
लादणे 03 01 0400 05 00009978 00011396 00009960 00009958 00008811
लाल_होणे 03 01 0400 01 00011672
लालचणे 03 01 0400 01 00001377
लालचावणे 03 01 0400 01 00001377
लालुचणे 03 01 0400 01 00001377
लावणी_करणे 03 01 0400 01 00012476
लावणे 03 01 0400 11 00005437 00011595 00011597 00026907 00011587 00011419 00005912 00001472 00054652 00053839 00005137
लावालावी_करणे 03 01 0400 01 00007385
लासणे 03 01 0400 02 00052423 00012362
लिंपणे 03 01 0400 02 00005139 00013346
लिलाव_करणे 03 01 0400 01 00007324
लिहणे 03 01 0400 01 00010802
लिहिणे 03 01 0400 02 00010802 00023289
लिहिले_जाणे 03 01 0400 01 00005125
लिहून_घेणे 03 01 0400 01 00020658
लिहून_ठेवणे 03 01 0400 01 00011851
लुकलुकणे 03 01 0400 01 00007971
लुचणे 03 00 01 00052428
लुटणे 03 01 0400 05 00011741 00011742 00011946 00011949 00009884
लुटविणे 03 01 0400 01 00009994
लुबाडणे 03 01 0400 01 00011741
लूटणे 03 01 0400 01 00011743
लेखणे 03 01 0400 01 00053082
लोंबकळणे 03 01 0400 02 00011565 00052433
लोंबणे 03 01 0400 01 00052433
लोटणे 03 01 0400 01 00003986
लोभ_सुटणे 03 01 0400 01 00001377
वगळणे 03 01 0400 01 00053130
वचन_देणे 03 01 0400 01 00001911
वचन_मोडणे 03 01 0400 01 00006344
वचन_मोडणे 03 01 0400 01 00006343
वचपा_काढणे 03 01 0400 01 00006227
वजन_करणे 03 01 0400 01 00009050
वजा_करणे 03 01 0400 01 00010395
वटणे 03 01 0400 01 00018274
वटवट_करणे 03 01 0400 02 00007071 00007072
वटवणे 03 01 0400 01 00018273
वठवणे 03 01 0400 01 00012166
वमन_करणे 03 01 0400 01 00003740
वर_करणे 03 01 0400 01 00011865
वर_घेणे 03 01 0400 01 00011865
वर_चढणे 03 01 0400 01 00005126
वर_जाणे 03 01 0400 01 00012182
वर_बसणे 03 01 0400 01 00005126
वर_येणे 03 01 0400 01 00012182
वरचढ_ठरणे 03 01 0400 01 00011574
वरणे 03 01 0400 01 00010954
वरती_करणे 03 01 0400 01 00011865
वरती_घेणे 03 01 0400 01 00011865
वर्णन_करणे 03 01 0400 01 00004899
वर्णने 03 01 0400 01 00004899
वर्तणूक_करणे 03 01 0400 01 00018792
वर्तन_करणे 03 01 0400 01 00018792
वर्षणे 03 01 0400 01 00011503
वर्षाव_करणे 03 01 0400 01 00011503
वर्षाव_करणे 03 01 0400 01 00011504
वर्षावणे 03 01 0400 01 00011504
वळणे 03 01 0400 03 00005068 00007222 00003924
वळवणे 03 01 0400 02 00012742 00012746
वळवळणे 03 01 0400 02 00054667 00011203
वळविणे 03 01 0400 01 00012746
वश_करणे 03 01 0400 01 00004248
वसणे 03 01 0400 02 00052481 00013659
वसूल_करणे 03 01 0400 01 00010689
वस्ती_करणे 03 01 0400 01 00013661
वांती_करणे 03 01 0400 01 00003740
वाकणे 03 01 0400 02 00005614 00011570
वाकवणे 03 01 0400 02 00007740 00009239
वाखाणणे 03 01 0400 01 00008243
वागणूक_करणे 03 01 0400 01 00018792
वागणे 03 01 0400 02 00054560 00018792
वाचणे 03 01 0400 04 00005954 00011508 00011727 00011726
वाचवणे 03 01 0400 02 00019008 00011506
वाचविणे 03 01 0400 01 00015309
वाजणे 03 01 0400 03 00009582 00011132 00010767
वाजवणे 03 01 0400 02 00005418 00005437
वाटणे 03 01 0400 04 00003829 00005769 00011581 00005212
वाटप_करणे 03 01 0400 01 00003829
वाढ_होणे 03 01 0400 02 00005368 00011923
वाढणे 03 01 0400 04 00005368 00009374 00013894 00011923
वाढवणे 03 01 0400 04 00054527 00054528 00011925 00011928
वाढविणे 03 01 0400 02 00011925 00011928
वाढवून_घेणे 03 01 0400 01 00011931
वाण 03 01 0400 01 00053996
वादविवाद_करणे 03 01 0400 01 00000242
वापर_करणे 03 01 0400 01 00009601
वापरणे 03 01 0400 01 00009601
वापरात_असणे 03 01 0400 01 00011839
वाफ_होणे 03 01 0400 01 00011442
वायन 03 01 0400 01 00053996
वायफळ_खर्च_करणे 03 01 0400 01 00004656
वारणे 03 01 0400 02 00007643 00053077
वारवणे 03 01 0400 01 00005843
वार्ता_करणे 03 01 0400 01 00001912
वाळणे 03 01 0400 02 00004412 00014014
वाळवणे 03 01 0400 01 00008885
वावरणे 03 01 0400 01 00054670
वास_घेणे 03 01 0400 01 00004797
वास_येणे 03 01 0400 01 00009613
वासणे 03 01 0400 01 00054671
वाहणे 03 01 0400 05 00004851 00023633 00009180 00009615 00007437
वाहवणे 03 01 0400 01 00054711
वाहवा_करणे 03 01 0400 01 00008243
वाहविणे 03 01 0400 01 00011562
वाहिले_जाणे 03 01 0400 01 00023644
विंचरणे 03 00 01 00052509
विकणे 03 01 0400 01 00007325
विकत_घेणे 03 01 0400 01 00002152
विकसणे 03 01 0400 01 00004675
विकसित_करणे 03 01 0400 01 00011929
विकसित_होणे 03 01 0400 01 00004678
विकास_करणे 03 01 0400 01 00011929
विकास_होणे 03 01 0400 01 00004678
विकासणे 03 01 0400 01 00004675
विचार_करणे 03 01 0400 01 00006230
विचारणा_करणे 03 01 0400 01 00005334
विचारणे 03 01 0400 01 00005334
विजयी_होणे 03 01 0400 01 00007368
विझणे 03 01 0400 02 00011175 00014102
विझवणे 03 01 0400 02 00007300 00023657
विटणे 03 01 0400 03 00051236 00052511 00011256
विटाळणे 03 01 0400 01 00054250
विणणे 03 01 0400 01 00007310
विणे 03 01 0400 01 00007091
वितंडवाद_करणे 03 01 0400 01 00000243
वितरण_करणे 03 01 0400 01 00003829
वितरित_करणे 03 01 0400 01 00003829
वितळणे 03 01 0400 01 00008692
विद्रूप_करणे 03 01 0400 01 00015072
विधानमंडळ 03 00 01 00052514
विधिमंडळ 03 00 01 00052514
विनिमय_करणे 03 01 0400 01 00007122
विभागणे 03 01 0400 01 00009621
विरघळणे 03 01 0400 01 00008692
विरजणे 03 01 0400 01 00054676
विरणे 03 01 0400 03 00052521 00052522 00023468
विरमणे 03 01 0400 01 00051705
विरलणे 03 01 0400 01 00012790
विरळ_होणे 03 01 0400 01 00012790
विराजमान_होणे 03 01 0400 01 00002917
विलंब_होणे 03 01 0400 01 00002533
विलग_करणे 03 01 0400 01 00003081
विलाप_करणे 03 01 0400 01 00000240
विलापणे 03 01 0400 01 00000240
विवाह_करणे 03 01 0400 01 00007144
विवाहणे 03 01 0400 01 00007144
विवाहबद्ध_होणे 03 01 0400 01 00007144
विव्हळणे 03 01 0400 01 00000237
विश्वास_ठेवणे 03 01 0400 01 00006668
विषदग्घ_करणे 03 01 0400 01 00014106
विषय_काढणे 03 01 0400 01 00012833
विषाळणे 03 01 0400 01 00014106
विसर_पडणे 03 01 0400 01 00006046
विसरणे 03 01 0400 01 00006046
विसर्जित_करणे 03 01 0400 01 00011563
विसळणे 03 01 0400 01 00053249
विस्कटणे 03 01 0400 01 00051185
विस्तारणे 03 01 0400 01 00007105
विस्फारणे 03 01 0400 01 00054677
विस्मित_होणे 03 01 0400 02 00011253 00011474
वीट_येणे 03 00 01 00051236
वीट_येणे 03 01 0400 01 00011256
वृद्ध_होणे 03 01 0400 01 00005765
वृद्धी_होणे 03 01 0400 01 00011923
वेगळे_करणे 03 01 0400 01 00003081
वेगळे_होणे 03 01 0400 01 00052154
वेगळे_होणे 03 01 0400 01 00012606
वेचणे 03 01 0400 02 00003080 00012049
वेड_लागणे 03 01 0400 01 00007069
वेडावणे 03 01 0400 02 00004248 00054678
वेडे_होणे 03 01 0400 01 00007069
वेढणे 03 01 0400 01 00002387
वेधणे 03 01 0400 01 00004693
वेळ_होणे 03 01 0400 01 00002533
वेळणे 03 01 0400 01 00009381
वेसण_घालणे 03 01 0400 01 00011425
वैतागणे 03 00 01 00052556
व्यंग्य_करणे 03 01 0400 01 00003448
व्यक्त_करणे 03 01 0400 01 00000246
व्यवस्था_करणे 03 01 0400 01 00006228
व्यवहार_करणे 03 01 0400 01 00018792
शकणे 03 01 0400 02 00010149 00010150
शक्य_होणे 03 01 0400 01 00015209
शक्यता_असणे 03 01 0400 01 00010149
शब्द_देणे 03 01 0400 01 00001911
शमणे 03 01 0400 01 00011175
शरणागती_पत्करणे 03 01 0400 01 00005623
शरमणे 03 01 0400 01 00007887
शरमिंधा_करणे 03 01 0400 01 00004735
शहाणा_समजणे 03 01 0400 01 00011599
शहारणे 03 01 0400 01 00054681
शांत_करणे 03 01 0400 01 00011577
शांत_होणे 03 01 0400 01 00018903
शाप_देणे 03 01 0400 01 00011522
शिंकणे 03 01 0400 01 00008821
शिंकरणे 03 01 0400 01 00053123
शिंपडणे 03 01 0400 02 00005346 00018894
शिंपणे 03 01 0400 03 00005346 00018892 00018894
शिकणे 03 01 0400 03 00024038 00011060 00011513
शिकवण_देणे 03 01 0400 01 00008305
शिकवणे 03 01 0400 02 00007106 00005226
शिकार_करणे 03 01 0400 01 00007620
शिक्का_मारणे 03 01 0400 01 00008792
शिजणे 03 01 0400 01 00015325
शिजवणे 03 01 0400 01 00006595
शिजविणे 03 01 0400 01 00006595
शिणणे 03 01 0400 01 00006053
शिरणे 03 01 0400 02 00003438 00011872
शिलगणे 03 01 0400 01 00005524
शिलगावणे 03 01 0400 01 00011433
शिल्लक_राहणे 03 01 0400 01 00006436
शिल्लक_असणे 03 01 0400 01 00012520
शिळटणे 03 01 0400 01 00014388
शिळे_होणे 03 01 0400 01 00014388
शिवणे 03 01 0400 02 00006283 00007311
शिवशिवणे 03 01 0400 01 00054683
शिवी_देणे 03 01 0400 01 00007070
शिवीगाळ_करणे 03 01 0400 01 00007070
शिवीगाळी_करणे 03 01 0400 01 00007070
शिवून_आणणे 03 01 0400 01 00010232
शिवून_घेणे 03 01 0400 01 00010232
शुद्ध_हरपणे 03 01 0400 01 00015921
शुद्ध_करणे 03 01 0400 01 00010145
शुद्धी_करणे 03 01 0400 01 00010145
शृंगारणे 03 01 0400 01 00002557
शेंदणे 03 00 01 00052599
शेकणे 03 01 0400 02 00013486 00013487
शेफारणे 03 00 01 00052606
शेवाळणे 03 01 0400 01 00052623
शोक_करणे 03 01 0400 01 00000240
शोध_घेणे 03 01 0400 01 00005330
शोध_लावणे 03 01 0400 01 00007133
शोधणे 03 01 0400 01 00005330
शोधन_करणे 03 01 0400 01 00010145
शोधून_घेणे 03 01 0400 01 00010283
शोधून_काढणे 03 01 0400 01 00013070
शोभणे 03 01 0400 01 00053913
शोषण_करणे 03 01 0400 01 00012778
शोषण_करणे 03 01 0400 01 00013036
शोषणे 03 01 0400 01 00004692
शोषून_घेणे 03 01 0400 01 00004692
श्रम_करणे 03 01 0400 01 00007859
श्राद्ध 03 01 0400 01 00012923
श्राप_देणे 03 01 0400 01 00011522
श्रीखंड 03 01 0400 01 00006334
श्रीगणेशा_करणे 03 01 0400 01 00005417
श्रीगणेशा_होणे 03 01 0400 01 00011860
श्रेष्ठ_समजणे 03 01 0400 01 00011599
श्वास_कोंडणे 03 01 0400 01 00005057
संकोचणे 03 01 0400 01 00002534
संतापणे 03 01 0400 01 00004858
संधी_हुकणे 03 01 0400 01 00011042
संपणे 03 01 0400 03 00007431 00052951 00012186
संपवणे 03 01 0400 02 00007212 00007644
संपादणे 03 01 0400 02 00052944 00011511
संभवणे 03 01 0400 01 00054684
संभाळणे 03 01 0400 04 00009140 00011601 00011602 00011603
संभावना_असणे 03 01 0400 01 00010149
संभोगणे 03 01 0400 01 00019102
संरक्षण_करणे 03 01 0400 01 00011506
सजणे 03 01 0400 01 00010143
सजवणे 03 01 0400 03 00002557 00011420 00023652
सज्ज_होणे 03 01 0400 01 00013494
सज्य_होणे 03 01 0400 01 00013494
सटकणे 03 01 0400 01 00004032
सडणे 03 01 0400 02 00010157 00054674
सतर्क_असणे 03 01 0400 01 00011607
सतर्क_करणे 03 01 0400 01 00011150
सतावणे 03 01 0400 02 00004238 00011497
सताविणे 03 01 0400 01 00011497
सन्मान_करणे 03 01 0400 01 00006895
सपाट_करून_घेणे 03 01 0400 01 00018896
सपाटवून_घेणे 03 01 0400 01 00018896
सफल_होणे 03 01 0400 01 00007369
समजणे 03 01 0400 06 00008221 00009004 00011512 00012222 00022877 00011874
समजवणे 03 01 0400 01 00013371
समजविणे 03 01 0400 01 00013371
समजावणे 03 01 0400 02 00007302 00013371
समजूत_काढणे 03 01 0400 01 00014037
समर्थ_असणे 03 01 0400 01 00010150
समाजाविणे 03 01 0400 01 00013371
समाप्त_होणे 03 01 0400 01 00007431
समावणे 03 01 0400 01 00005061
सरकणे 03 01 0400 01 00004691
सरकवणे 03 01 0400 01 00010188
सरकविणे 03 01 0400 01 00010188
सरणे 03 01 0400 01 00004691
सरपटणे 03 01 0400 01 00011617
सरस_ठरणे 03 01 0400 01 00011574
सरसरणे 03 01 0400 01 00010190
सरसावणे 03 01 0400 01 00051761
सलणे 03 01 0400 01 00011747
सल्ला_देणे 03 01 0400 01 00006159
सळसळणे 03 01 0400 01 00054683
सवय_असणे 03 01 0400 01 00051920
सवय_होणे 03 01 0400 01 00013079
सहन_करणे 03 01 0400 02 00003667 00013563
सहमत_असणे 03 01 0400 01 00008222
सांगणे 03 01 0400 08 00000246 00004300 00005474 00013369 00013371 00013376 00013377 00018363
सांडणे 03 01 0400 02 00011489 00013095
सांत्वन_करणे 03 01 0400 01 00003721
सांधणे 03 01 0400 01 00002563
सांभाळ_करणे 03 01 0400 01 00009140
सांभाळणे 03 01 0400 08 00003938 00009140 00011601 00011602 00011605 00011603 00015309 00009156
साकळणे 03 01 0400 02 00005492 00052706
साकार_होणे 03 01 0400 01 00053181
साकारणे 03 01 0400 01 00053778
साचणे 03 01 0400 01 00053852
साजणे 03 01 0400 01 00053913
साठणे 03 01 0400 01 00053852
साठवण_करणे 03 01 0400 01 00006876
साठवणे 03 01 0400 02 00006876 00007674
सातळणे 03 01 0400 01 00052709
साद_घालणे 03 01 0400 02 00010296 00006862
सादर_करणे 03 01 0400 01 00004717
सामावणे 03 01 0400 01 00005061
सारवणे 03 01 0400 02 00005139 00053924
सावध_राहणे 03 01 0400 01 00011382
सावध_असणे 03 01 0400 01 00011607
सावध_करणे 03 01 0400 01 00011150
सावरणे 03 01 0400 02 00011609 00007666
सिंगापुरी 03 01 0400 02 00021658 00021659
सिंगापुरी_आंबा 03 01 0400 01 00021658
सिंगापूर 03 01 0400 02 00021658 00021659
सिंचणे 03 01 0400 01 00018894
सिंचन_करणे 03 01 0400 01 00018894
सिंचन_करवणे 03 01 0400 01 00018897
सिद्ध_होणे 03 01 0400 01 00013494
सुंगणे 03 01 0400 01 00004797
सुई_लावणे 03 01 0400 01 00008347
सुकणे 03 01 0400 02 00004412 00014014
सुकवणे 03 01 0400 01 00008885
सुखावणे 03 01 0400 01 00054692
सुचवणे 03 01 0400 01 00008224
सुजणे 03 01 0400 01 00008248
सुटका_करणे 03 01 0400 02 00005429 00011845
सुटका_होणे 03 01 0400 01 00012937
सुटका_होणे 03 01 0400 01 00012450
सुटणे 03 01 0400 10 00004709 00011829 00012450 00012449 00011834 00011833 00011832 00053531 00053101 00012239
सुटे_करणे 03 01 0400 01 00012523
सुट्टे_करणे 03 01 0400 01 00012523
सुधरणे 03 01 0400 01 00018425
सुधार_करणे 03 01 0400 01 00010144
सुधारणे 03 01 0400 02 00010144 00018425
सुन्न_पडणे 03 01 0400 01 00008501
सुरवात_करणे 03 01 0400 01 00005417
सुरवात_होणे 03 01 0400 01 00011860
सुरू_करणे 03 01 0400 01 00001472
सुरू_होणे 03 01 0400 01 00011860
सुरूवात_होणे 03 01 0400 01 00011881
सुसाटणे 03 01 0400 01 00011942
सूचक_बोलणे 03 01 0400 01 00003448
सूज_येणे 03 01 0400 01 00008248
सूड_घेणे 03 01 0400 01 00006227
सोकावणे 03 01 0400 01 00053367
सोडचिठ्ठी_देणे 03 01 0400 01 00005431
सोडणे 03 01 0400 14 00005429 00011878 00012606 00012232 00005440 00019020 00013064 00016404 00005435 00012236 00053997 00005427 00005438 00011563
सोडवणे 03 01 0400 06 00054368 00008062 00011552 00011845 00011848 00013068
सोडविणे 03 01 0400 04 00008062 00011552 00011845 00011848
सोडवून_घेणे 03 01 0400 01 00011849
सोपवणे 03 01 0400 01 00019105
सोलणे 03 01 0400 01 00008826
सोसणे 03 01 0400 02 00003667 00013563
स्तुती_करणे 03 01 0400 01 00008243
स्थानापन्न_होणे 03 01 0400 01 00002917
स्थापणे 03 01 0400 01 00053274
स्थायिक_होणे 03 01 0400 01 00005491
स्थायिक_होणे 03 01 0400 01 00013658
स्थिरावणे 03 01 0400 01 00009274
स्पर्श_करणे 03 01 0400 01 00006283
स्पर्श_होणे 03 01 0400 01 00011598
स्मरणे 03 01 0400 01 00054266
स्रवणे 03 01 0400 01 00007437
स्वतंत्र_होणे 03 01 0400 01 00011829
स्वयंपाक_करणे 03 01 0400 01 00006596
स्वाधीन_करणे 03 01 0400 01 00019105
स्वार_होणे 03 01 0400 01 00005126
स्वारस्य_असणे 03 01 0400 01 00005211
स्वीकारणे 03 01 0400 04 00002015 00003666 00008222 00012022
स्वीकृती_देणे 03 01 0400 01 00007596
हंबरडा_फोडणे 03 01 0400 01 00000240
हंबरणे 03 01 0400 02 00003845 00014405
हटकणे 03 01 0400 01 00018579
हटवणे 03 01 0400 01 00008383
हडपणे 03 01 0400 01 00009339
हबकणे 03 01 0400 01 00005032
हरखणे 03 01 0400 01 00054693
हरणे 03 01 0400 04 00010310 00007739 00007834 00007375
हरवणे 03 01 0400 05 00009344 00052522 00011473 00023468 00011183
हरविणे 03 01 0400 02 00023468 00011183
हलणे 03 01 0400 01 00004691
हलवणे 03 01 0400 05 00010188 00008829 00051611 00008383 00008822
हलविणे 03 01 0400 02 00010188 00008822
हल्ला_करणे 03 01 0400 01 00005123
हळहळणे 03 01 0400 01 00054287
हवन_करणे 03 01 0400 01 00008492
हवाली_करणे 03 01 0400 01 00019105
हसणे 03 01 0400 01 00004679
हसवणे 03 01 0400 01 00020469
हस्तक्षेप_करणे 03 01 0400 01 00012503
हाक_देणे 03 01 0400 01 00010296
हाक_मारणे 03 01 0400 02 00010296 00006862
हाकणे 03 01 0400 02 00010294 00011490
हाकलणे 03 01 0400 01 00013063
हाकवून_घेणे 03 01 0400 01 00010297
हाडकुळा_होणे 03 01 0400 01 00004412
हाणणे 03 01 0400 01 00000591
हात_घालणे 03 01 0400 01 00005417
हात_घालणे 03 01 0400 01 00012833
हात_बसणे 03 01 0400 01 00013079
हातातून_जाणे 03 01 0400 01 00012602
हाताळणे 03 01 0400 01 00009601
हादरणे 03 01 0400 02 00052774 00052775
हार_मानणे 03 01 0400 01 00005623
हालणे 03 01 0400 01 00004691
हालवणे 03 01 0400 01 00008829
हाळी_देणे 03 01 0400 01 00006862
हाव_धरणे 03 01 0400 01 00001377
हास्य_करणे 03 01 0400 01 00004679
हिंडणे 03 01 0400 01 00005070
हिंडवणे 03 01 0400 01 00012745
हिंडविणे 03 01 0400 01 00012745
हिंदळणे 03 01 0400 01 00008799
हिंदोळणे 03 01 0400 01 00053970
हिडीसफिडीस_करणे 03 01 0400 01 00005787
हिणवणे 03 01 0400 01 00052776
हिरमुसणे 03 01 0400 01 00052779
हिरवळणे 03 01 0400 01 00010850
हिरावणे 03 01 0400 01 00003922
हिसकणे 03 01 0400 01 00003922
हिसकवणे 03 01 0400 01 00003922
हिसकावणे 03 01 0400 01 00003922
हुंगणे 03 01 0400 01 00004797
हुंगविणे 03 01 0400 01 00010242
हुकणे 03 01 0400 01 00011042
हुकूम_मानणे 03 01 0400 01 00004114
हुज्जत_घालणे 03 01 0400 01 00000242
हुडकणे 03 01 0400 01 00005330
हुरळणे 03 01 0400 01 00054696
हुलकावणी_देणे 03 01 0400 02 00007136 00005574
हूल_देणे 03 01 0400 01 00005574
हेटाळणी_करणे 03 01 0400 01 00005785
हेलकावणे 03 01 0400 01 00053969
हैराण_करणे 03 01 0400 01 00004238
होकार_देणे 03 01 0400 01 00007596
होणे 03 01 0400 05 00011883 00003986 00004918 00012180 00012505
होम_करणे 03 01 0400 01 00008492
होरपळणे 03 01 0400 01 00011443
