अंचकैं 04 02 4113 0400 01 00000051
अंत_में 04 02 4224 0400 01 00002093
अंततः 04 02 4224 0400 01 00002093
अंततोगत्वा 04 02 4224 0400 02 00002093 00002095
अंतिम_दम_तक 04 02 4113 0400 01 00008522
अंदर 04 03 4218 4113 0400 02 00013205 00026821
अंदाजन 04 02 4112 0400 01 00002102
अंदाज़न 04 02 4112 0400 01 00002102
अंधाधुंध 04 02 4113 0400 01 00008471
अकसर 04 02 4113 0400 01 00007211
अकस्मात 04 02 4113 0400 01 00000051
अकस्मात् 04 02 4113 0400 01 00000051
अकारण 04 04 4224 4112 4113 0400 02 00002243 00002244
अकेला 04 03 4112 4113 0400 01 00014619
अकेले 04 03 4112 4113 0400 01 00014619
अक्रमतः 04 02 4113 0400 01 00002092
अक्षरशः 04 03 4112 4113 0400 01 00014680
अक्सर 04 02 4113 0400 01 00007211
अगत्या 04 05 4227 4112 4336 4113 0400 02 00000051 00003640
अगर 04 02 4113 0400 01 00005487
अगल-बगल 04 02 4113 0400 01 00008480
अग़ल-बग़ल 04 02 4113 0400 01 00008480
अगुप्ततः 04 04 4229 4112 4113 0400 01 00000796
अग्रतः 04 03 4110 4224 0400 01 00002367
अग्रे 04 02 4113 0400 01 00000892
अचक 04 02 4113 0400 01 00000051
अचांचक 04 02 4113 0400 01 00000051
अचाक 04 02 4113 0400 01 00000051
अचाका 04 02 4113 0400 01 00000051
अचान 04 02 4113 0400 01 00000051
अचानक 04 02 4113 0400 01 00000051
अचिर 04 04 4110 4229 4113 0400 01 00002620
अच्छा 04 03 4229 4113 0400 02 00009665 00014108
अच्छा_हो_कि 04 02 4113 0400 01 00028610
अच्छी_तरह 04 03 4229 4113 0400 05 00010797 00010827 00014108 00019562 00027635
अच्छी_तरह_से 04 03 4229 4113 0400 05 00010797 00010827 00014108 00019562 00027635
अजहुँ 04 03 4110 4113 0400 01 00002689
अजहूँ 04 03 4110 4113 0400 01 00002689
अजो 04 03 4110 4113 0400 01 00002689
अजौं 04 03 4110 4113 0400 01 00002689
अठगुना 04 02 4113 0400 01 00022939
अड़ोस-पड़ोस 04 02 4113 0400 01 00008480
अतः 04 01 0400 01 00006460
अतएव 04 01 0400 01 00006460
अतरसों 04 03 4227 4113 0400 02 00022211 00022212
अतिशीघ्र 04 02 4113 0400 01 00001922
अतिशीघ्रतः 04 02 4113 0400 01 00001922
अतीत_में 04 05 4227 4112 4330 4113 0400 01 00003641
अत्यंत 04 03 4112 4113 0400 01 00013474
अत्यधिक 04 03 4112 4113 0400 01 00013474
अत्यन्त 04 03 4112 4113 0400 01 00013474
अथ 04 02 4113 0400 02 00002813 00011083
अद्य 04 02 4113 0400 01 00014991
अधः 04 02 4113 0400 01 00002148
अधिक 04 02 4113 0400 02 00011702 00013340
अधिकतः 04 01 0400 01 00001811
अधिकतर 04 02 4113 0400 01 00007211
अधिकांशतः 04 02 4113 0400 02 00001811 00007211
अधिकांशतया 04 02 4113 0400 02 00001811 00007211
अधिकारतः 04 02 4226 0400 01 00001812
अधिकारपूर्वक 04 02 4226 0400 01 00001812
अधिकारहीनतः 04 05 4110 4229 4112 4113 0400 01 00002827
अधिमानतः 04 02 4113 0400 01 00028610
अधीनता_में 04 03 4229 4113 0400 01 00002116
अधुना 04 02 4113 0400 01 00011083
अधो_दिशा_में 04 02 4113 0400 01 00002148
अधोरध 04 02 4113 0400 01 00015675
अधोर्ध 04 02 4113 0400 01 00015675
अधौर्द्ध 04 02 4113 0400 01 00015675
अध्यक्षर 04 03 4112 4113 0400 01 00014680
अनंतर 04 03 4229 4113 0400 02 00002813 00002868
अनकरीब 04 02 4112 0400 01 00002102
अनक़रीब 04 02 4112 0400 01 00002102
अनचाहे 04 02 4224 0400 01 00002095
अनत 04 02 4113 0400 01 00000374
अनधिकार 04 05 4110 4229 4112 4113 0400 01 00002827
अनन्तर 04 03 4229 4113 0400 02 00002813 00002868
अनमाँगे 04 03 4218 4113 0400 01 00001208
अनमिख 04 02 4113 0400 01 00007872
अनवधि 04 02 4113 0400 01 00007161
अनवरत 04 03 4229 4113 0400 01 00002868
अनसूयतः 04 02 4224 0400 01 00001117
अनसोचे 04 04 4229 4112 4113 0400 01 00002824
अनहक 04 03 4110 4113 0400 01 00002879
अनागतः 04 02 4113 0400 01 00000051
अनायास 04 04 4218 4112 4113 0400 02 00000051 00000052
अनाहक 04 03 4110 4113 0400 01 00002879
अनिमिख 04 02 4113 0400 01 00007872
अनिमित्त 04 04 4224 4112 4113 0400 01 00002243
अनिमिष 04 02 4113 0400 01 00007872
अनिमेष 04 02 4113 0400 01 00007872
अनिश 04 03 4229 4113 0400 01 00002868
अनुकूल 04 02 4113 0400 01 00000123
अनुक्षण 04 03 4229 4113 0400 02 00002868 00007875
अनुदिन 04 01 0400 01 00006459
अनुदिवस 04 01 0400 01 00006459
अनुपद 04 03 4220 4113 0400 02 00001268 00002813
अनुमानतः 04 02 4112 0400 01 00002102
अनुवत्सर 04 03 4110 4113 0400 01 00011091
अनुसार 04 02 4113 0400 01 00000123
अनेकधा 04 02 4113 0400 01 00007211
अनेकशः 04 02 4113 0400 01 00007210
अनेरा 04 02 4113 0400 01 00017931
अनैसे 04 03 4229 4113 0400 02 00004728 00017945
अन्दर 04 03 4218 4113 0400 02 00013205 00026821
अन्दाजन 04 02 4112 0400 01 00002102
अन्दाज़न 04 02 4112 0400 01 00002102
अन्यतः 04 03 4112 4113 0400 02 00018059 00018060
अन्यत्र 04 02 4113 0400 01 00000374
अन्यदा 04 03 4112 4113 0400 01 00018100
अन्यास 04 02 4113 0400 01 00000051
अन्येद्यु 04 03 4112 4113 0400 01 00018100
अन्वक्ष 04 02 4113 0400 02 00000892 00002813
अपनेआप 04 02 4113 0400 02 00004501 00012384
अपराधानुसार 04 02 4113 0400 01 00020249
अपलक 04 03 4112 4113 0400 01 00012064
अपार्थ 04 02 4113 0400 01 00017931
अपेक्षया 04 01 0400 01 00008220
अपेक्षाकृत 04 01 0400 01 00008220
अप्रतीष 04 02 4113 0400 01 00000123
अप्रत्याशिततः 04 02 4113 0400 01 00000051
अप्रयत्नतः 04 04 4218 4112 4113 0400 01 00000052
अप्रसन्नतापूर्वक 04 04 4110 4229 4113 0400 01 00001093
अब 04 05 4110 4227 4336 4113 0400 05 00002785 00011083 00023771 00023772 00023773
अब_की 04 02 4113 0400 01 00023771
अब_तक 04 03 4110 4113 0400 01 00002689
अबकी 04 02 4113 0400 01 00023771
अबतक 04 03 4110 4113 0400 01 00002689
अबलग 04 03 4110 4113 0400 01 00002689
अभरम 04 02 4113 0400 01 00003150
अभिमान_से 04 02 4113 0400 01 00000833
अभिमानपूर्वक 04 02 4113 0400 01 00000833
अभिमुख 04 02 4113 0400 01 00000892
अभिस्थिर 04 02 4113 0400 01 00026310
अभी 04 02 4113 0400 01 00011083
अभी_अभी 04 02 4113 0400 01 00011154
अभी_तक 04 03 4110 4113 0400 01 00002689
अभी_भी 04 02 4113 0400 01 00028129
अभी_ही 04 02 4113 0400 01 00011154
अभी-अभी 04 02 4113 0400 01 00011154
अभीतक 04 03 4110 4113 0400 01 00002689
अभू 04 02 4113 0400 01 00011083
अभै 04 02 4113 0400 01 00011083
अभ्यधिक 04 03 4112 4113 0400 01 00013474
अमदन 04 02 4113 0400 01 00010972
अमूमन 04 03 4112 4113 0400 01 00010889
अयाचिततः 04 03 4218 4113 0400 01 00001208
अयास 04 04 4218 4112 4113 0400 01 00000052
अलग 04 04 4223 4112 4113 0400 02 00003075 00024384
अलबत्ता 04 02 4113 0400 01 00003150
अलहदा 04 02 4113 0400 01 00024384
अल्पतः 04 03 4110 4113 0400 01 00001737
अवश्य 04 02 4113 0400 01 00003150
अवश्यमेव 04 02 4113 0400 01 00003150
अवाक 04 03 4112 4113 0400 01 00004663
अवाक् 04 03 4112 4113 0400 01 00004663
अविरत 04 03 4229 4113 0400 01 00002868
अविरामतः 04 03 4229 4113 0400 01 00002868
अविलंब 04 02 4113 0400 01 00001922
अविलंबतः 04 04 4110 4229 4113 0400 01 00002620
अविलम्ब 04 02 4113 0400 01 00001922
अवेर-सवेर 04 02 4113 0400 01 00020898
अव्यवस्थिततः 04 02 4113 0400 01 00002092
अशिष्टतः 04 03 4224 4112 0400 01 00000529
अशीघ्रतः 04 02 4227 0400 01 00001586
असभ्यतः 04 03 4224 4112 0400 01 00000529
असमय 04 03 4226 4113 0400 02 00001374 00003201
असल_में 04 02 4113 0400 01 00000526
असावधानतः 04 03 4226 4113 0400 01 00001963
असावधानी_से 04 03 4226 4113 0400 01 00001963
अस्त-व्यस्त 04 02 4113 0400 01 00009016
अस्पष्टतः 04 03 4224 4112 0400 01 00000527
अहेतु 04 02 4113 0400 01 00017931
आइन्दा 04 02 4113 0400 01 00023772
आकर्ण 04 02 4113 0400 01 00025424
आख़िर 04 02 4224 0400 01 00002093
आख़िरकार 04 02 4224 0400 01 00002093
आखिर 04 02 4224 0400 01 00002093
आखिरकार 04 02 4224 0400 01 00002093
आगे 04 07 4110 4224 4227 4112 4336 4113 0400 05 00000892 00002367 00003640 00013310 00023772
आगे_की_ओर 04 03 4110 4229 0400 01 00002368
आगे_पीछे 04 03 4112 4113 0400 01 00010759
आगे-आगे 04 03 4110 4229 0400 01 00002368
आगे-पीछे 04 03 4112 4113 0400 01 00010759
आगेपीछे 04 03 4112 4113 0400 01 00010759
आज 04 02 4113 0400 01 00014991
आज_कल 04 04 4110 4227 4336 0400 01 00002785
आज_तक 04 03 4110 4113 0400 01 00002689
आज-कल 04 04 4110 4227 4336 0400 01 00002785
आजकल 04 04 4110 4227 4336 0400 01 00002785
आजतक 04 03 4110 4113 0400 01 00002689
आजीवन 04 02 4113 0400 01 00008522
आजू-बाजू 04 02 4113 0400 01 00008480
आज्ञानुसार 04 03 4112 4113 0400 01 00010435
आज्ञापूर्वक 04 02 4113 0400 01 00004468
आठगुना 04 02 4113 0400 01 00022939
आठों_पहर 04 02 4113 0400 01 00007161
आतंकपूर्वक 04 03 4112 4113 0400 01 00014752
आदतन 04 02 4112 0400 01 00001026
आदर_सहित 04 03 4112 4113 0400 01 00001464
आदि_में 04 02 4113 0400 01 00006768
आदेश_से 04 02 4113 0400 01 00004468
आदेशपूर्वक 04 02 4113 0400 01 00004468
आदेशानुसार 04 03 4112 4113 0400 01 00010435
आद्योपांत 04 02 4113 0400 01 00002066
आद्योपान्त 04 02 4113 0400 01 00002066
आधार_पर 04 02 4113 0400 01 00010974
आप 04 02 4113 0400 01 00004501
आपस_में 04 02 4113 0400 01 00006712
आपही 04 02 4113 0400 01 00004501
आमतौर_पर 04 02 4113 0400 01 00007211
आमतौर_से 04 02 4113 0400 01 00007211
आमरण 04 02 4113 0400 01 00008522
आमूलचूल 04 02 4113 0400 01 00006468
आरंभ_में 04 02 4113 0400 01 00006768
आरम्भ_में 04 02 4113 0400 01 00006768
आश्चर्यपूर्वक 04 03 4112 4113 0400 01 00001241
आस-पास 04 02 4113 0400 01 00008480
आसपास 04 02 4113 0400 01 00008480
आसानी_से 04 03 4229 4113 0400 01 00004728
आहिस्ता 04 02 4113 0400 01 00010084
आहिस्ता_से 04 02 4113 0400 01 00010084
आहिस्ता-आहिस्ता 04 02 4113 0400 01 00010085
आहिस्ते 04 02 4113 0400 01 00010084
आहिस्ते_से 04 02 4113 0400 01 00010084
आहिस्ते-आहिस्ते 04 02 4113 0400 01 00010085
इच्छा_से 04 03 4112 4113 0400 01 00000857
इच्छानुकुल 04 03 4110 4113 0400 01 00009883
इच्छानुसार 04 03 4110 4113 0400 01 00009883
इतना 04 02 4113 0400 01 00028167
इतना_ही 04 02 4113 0400 01 00011157
इतने_में 04 03 4112 4113 0400 01 00011100
इत्तफ़ाक़न 04 04 4110 4112 4113 0400 01 00002624
इत्तफाकन 04 04 4110 4112 4113 0400 01 00002624
इधर 04 02 4223 0400 01 00001730
इन_दिनों 04 04 4110 4227 4336 0400 01 00002785
इरादतन 04 03 4112 4113 0400 01 00002445
इरादे_से 04 03 4112 4113 0400 01 00002445
इर्द-गिर्द 04 02 4113 0400 01 00008480
इस_ओर 04 02 4223 0400 01 00001730
इस_जगह 04 03 4223 4113 0400 01 00002647
इस_तरह 04 02 4113 0400 01 00009891
इस_दरम्यान 04 03 4112 4113 0400 01 00011100
इस_दौरान 04 03 4112 4113 0400 01 00011100
इस_प्रकार 04 02 4113 0400 01 00009891
इस_बार 04 02 4113 0400 01 00023771
इस_बीच 04 03 4112 4113 0400 01 00011100
इस_समय 04 05 4110 4227 4336 4113 0400 02 00002785 00011083
इसबार 04 02 4113 0400 01 00023771
इसलिए 04 01 0400 01 00006460
इसी_क्षण 04 02 4113 0400 01 00011154
इसी_बीच 04 03 4112 4113 0400 01 00011100
इसी_वक्त 04 02 4113 0400 01 00011154
इसीलिए 04 01 0400 01 00006460
ई_प 04 02 4113 0400 01 00028154
ईच्छापूर्वक 04 02 4113 0400 01 00010972
ईर्ष्यतः 04 03 4110 4224 0400 01 00001118
ईर्ष्यापूर्णतः 04 03 4110 4224 0400 01 00001118
ईर्ष्यापूर्वक 04 03 4110 4224 0400 01 00001118
ईर्ष्याहीनतः 04 02 4224 0400 01 00001117
ईसवी_पूर्व 04 02 4113 0400 01 00029151
ईसा_पश्चात् 04 02 4113 0400 02 00028154 00028154
ईसा_पूर्व 04 02 4113 0400 01 00029151
ईसापूर्व 04 02 4113 0400 01 00029151
उकडू 04 02 4113 0400 01 00008551
उकडूँ 04 02 4113 0400 01 00008551
उदारतापूर्वक 04 03 4112 4113 0400 01 00012901
उदाहरण_स्वरूप 04 01 0400 01 00010930
उदाहरणतः 04 01 0400 01 00010930
उदाहरणार्थ 04 01 0400 01 00010930
उद्देश्यतः 04 02 4224 0400 01 00001451
उद्देश्यपूर्वक 04 02 4224 0400 01 00001451
उद्देश्यहीनतः 04 04 4224 4112 4113 0400 02 00001455 00002244
उद्विग्नतः 04 03 4226 4113 0400 01 00001263
उद्विग्नतापूर्वक 04 03 4226 4113 0400 01 00001263
उधर 04 03 4223 4113 0400 01 00002107
उपरांत 04 02 4113 0400 01 00002813
उपरान्त 04 02 4113 0400 01 00002813
उपाय_से 04 03 4110 4113 0400 01 00000594
उपायतः 04 03 4110 4113 0400 01 00000594
उभयतः 04 01 0400 01 00008583
उमूमन 04 03 4112 4113 0400 01 00010889
उम्रभर 04 02 4113 0400 01 00008522
उलटा_पुलटा 04 02 4113 0400 01 00025225
उलटा-पलटा 04 02 4113 0400 01 00025225
उलटा-पुलटा 04 02 4113 0400 01 00025225
उल्टा_पुल्टा 04 02 4113 0400 01 00025225
उल्टा-पल्टा 04 02 4113 0400 01 00025225
उल्टा-पुल्टा 04 02 4113 0400 01 00025225
उस_ओर 04 03 4223 4113 0400 01 00002107
उस_जगह 04 03 4223 4113 0400 01 00001609
उस_तरह 04 02 4113 0400 01 00010811
उस_वक्त 04 02 4113 0400 01 00005933
उस_समय 04 02 4113 0400 01 00005933
उसी_तरह 04 02 4113 0400 01 00010811
ऊँचाई_पर 04 02 4113 0400 01 00010973
ऊपर 04 02 4113 0400 06 00011701 00010973 00010974 00011702 00011703 00011704
ऊपर_से 04 02 4113 0400 01 00011703
ऊपर-नीचे 04 02 4113 0400 01 00015675
ऊर्द्ध्व 04 02 4113 0400 01 00010973
ऊर्ध्व 04 02 4113 0400 01 00010973
एक_एक_डग 04 02 4113 0400 01 00004558
एक_ओर 04 02 4113 0400 02 00011097 00024384
एक_तरफ 04 02 4113 0400 01 00011097
एक_तरफ़ 04 02 4113 0400 02 00011097 00024384
एक_दूसरे_से 04 02 4113 0400 01 00006712
एक_बार_फिर 04 02 4113 0400 01 00002814
एकंग 04 03 4112 4113 0400 01 00014619
एकजुट 04 02 4113 0400 01 00025552
एकटक 04 02 4113 0400 01 00007872
एकदम 04 02 4113 0400 01 00006468
एकबारगी 04 02 4113 0400 01 00000051
एकमेव 04 03 4112 4113 0400 01 00014619
एकाएक 04 02 4113 0400 01 00000051
एकाकी 04 03 4112 4113 0400 01 00014619
एडी 04 02 4113 0400 01 00028154
ऐसे 04 02 4113 0400 01 00009891
ऐसे_ही 04 05 4110 4224 4112 4113 0400 02 00002244 00002879
औसतन 04 03 4112 4113 0400 01 00012672
कई_बार 04 02 4113 0400 01 00007210
कठिनतः 04 04 4229 4112 4113 0400 01 00000595
कठिनाई_से 04 04 4229 4112 4113 0400 01 00000595
कठोरता_से 04 02 4218 0400 01 00001170
कड़ा 04 02 4113 0400 01 00013340
कड़ाई_से 04 02 4218 0400 01 00001170
कतई 04 02 4113 0400 01 00012368
कत्तई 04 02 4113 0400 01 00012368
कथनानुसार 04 02 4113 0400 01 00011141
कदम-ब_कदम 04 02 4220 0400 01 00001268
कदापि 04 02 4113 0400 01 00012368
कब 04 01 0400 01 00001662
कब_तक 04 01 0400 01 00001662
कभी 04 02 4113 0400 01 00004083
कभी_न_कभी 04 02 4113 0400 01 00020897
कभी_नहीं 04 02 4113 0400 01 00028209
कभी_भी 04 02 4113 0400 01 00004044
कभी-कभार 04 03 4112 4113 0400 01 00008465
कभी-कभी 04 03 4112 4113 0400 01 00008465
कभीकभार 04 03 4112 4113 0400 01 00008465
कभीकभी 04 03 4112 4113 0400 01 00008465
कमबेश 04 02 4113 0400 01 00024746
कमोबेश 04 02 4113 0400 01 00024746
करीनावार 04 03 4112 4113 0400 01 00000854
करीने_से 04 03 4112 4113 0400 01 00000854
करीब 04 04 4223 4112 4113 0400 02 00000373 00002102
करीबकरीब 04 02 4112 0400 01 00002102
करीबन 04 02 4112 0400 01 00002102
कर्मानुसार 04 02 4113 0400 01 00022955
कल 04 03 4227 4113 0400 02 00022207 00022208
कल्याणार्थ 04 02 4113 0400 01 00022150
कसकर 04 03 4112 4113 0400 01 00011105
कहनानुसार 04 02 4113 0400 01 00011141
कहाँ 04 02 4113 0400 01 00004257
कहीं 04 02 4113 0400 03 00013175 00013176 00013178
कहीं_और 04 02 4113 0400 01 00000374
कहुँ 04 02 4113 0400 02 00013175 00013176
कहूँ 04 02 4113 0400 02 00013175 00013176
कहे_अनुसार 04 02 4113 0400 01 00011141
कहे_मुताबिक 04 02 4113 0400 01 00011141
कहे_मुताबिक़ 04 02 4113 0400 01 00011141
क़दम_ब_क़दम 04 02 4113 0400 01 00004558
क़रीनावार 04 03 4112 4113 0400 01 00000854
क़रीने_से 04 03 4112 4113 0400 01 00000854
क़रीब 04 04 4223 4112 4113 0400 02 00000373 00002102
क़रीब_में 04 03 4223 4113 0400 01 00000373
क़रीबक़रीब 04 02 4112 0400 01 00002102
क़रीबन 04 02 4112 0400 01 00002102
क़ानूनन 04 02 4113 0400 01 00015623
क़ायदे_से 04 01 0400 01 00005946
क़िस्त_दर_क़िस्त 04 03 4112 4113 0400 01 00004557
क़िस्तवार 04 03 4112 4113 0400 01 00004557
क़िस्तों_में 04 03 4112 4113 0400 01 00004557
कानूनन 04 02 4113 0400 01 00015623
काफ़ी 04 02 4113 0400 01 00013340
काफी 04 02 4113 0400 01 00013340
काम_से 04 04 4224 4112 4113 0400 01 00001121
कारण_से 04 04 4224 4112 4113 0400 01 00001121
कारणतः 04 01 0400 01 00007208
कारणवश 04 01 0400 01 00007208
कारणहीनतः 04 04 4224 4112 4113 0400 02 00002243 00002244
कालांतर_में 04 02 4224 0400 01 00002094
किंकर्तव्य-विमूढ़ 04 02 4113 0400 01 00010845
किंकर्तव्यविमूढ़ 04 02 4113 0400 01 00010845
किंकर्त्तव्य-विमूढ़ 04 02 4113 0400 01 00010845
किंकर्त्तव्यविमूढ़ 04 02 4113 0400 01 00010845
किधर 04 02 4113 0400 01 00004258
किस_वास्ते 04 02 4113 0400 01 00012649
किसलिए 04 02 4113 0400 01 00012649
किसी_समय 04 02 4113 0400 01 00004083
किस्तवार 04 03 4112 4113 0400 01 00004557
कुछ 04 02 4113 0400 01 00006458
कुल_मिलाकर 04 02 4113 0400 01 00011113
कुविधिपूर्वक 04 02 4226 0400 01 00001447
कुशलतापूर्वक 04 03 4112 4113 0400 01 00013133
कुशलपूर्वक 04 03 4112 4113 0400 01 00013133
कुसमय 04 02 4226 0400 01 00001374
कृतज्ञतापूर्वक 04 03 4110 4113 0400 01 00025047
कृत्रिम_रूप_से 04 02 4113 0400 01 00023236
कृत्रिमता_से 04 02 4113 0400 01 00023236
कृपया 04 03 4112 4113 0400 01 00011357
कृपा_कर_के 04 02 4218 0400 01 00001179
कृपा_करके 04 03 4112 4113 0400 01 00011357
कृपा_पूर्वक 04 03 4112 4113 0400 01 00011357
कृपापूर्वक 04 04 4218 4112 4113 0400 02 00001179 00011357
के_अंदर 04 02 4113 0400 01 00002146
के_अन्दर 04 02 4113 0400 01 00002146
के_भीतर 04 02 4113 0400 01 00002146
केवल 04 03 4112 4113 0400 01 00014619
कैसे 04 01 0400 01 00012651
क्यूँकर 04 01 0400 01 00012651
क्यों 04 02 4113 0400 01 00012649
क्योंकर 04 01 0400 01 00012651
क्रमवार 04 03 4112 4113 0400 01 00004556
क्रमशः 04 03 4112 4113 0400 01 00004556
क्रमहीनतः 04 02 4113 0400 01 00002092
क्रमानुसार 04 03 4112 4113 0400 01 00004556
क्रूरतापूर्वक 04 02 4218 0400 01 00001170
क्षण-क्षण 04 01 0400 01 00007875
क्षणक्षण 04 01 0400 01 00007875
क्षमतानुसार 04 03 4112 4113 0400 01 00009882
खचाखच 04 02 4113 0400 01 00005766
खटाक_से 04 02 4113 0400 01 00001922
खराब 04 03 4229 4113 0400 01 00014109
ख़ामोशी_से 04 03 4112 4113 0400 01 00004663
ख़ाली 04 03 4112 4113 0400 01 00014619
ख़ास_तौर_पर 04 02 4113 0400 01 00004667
ख़ास_तौर_से 04 02 4113 0400 01 00004667
ख़ासकर 04 02 4113 0400 01 00004667
ख़ासतौर_पर 04 02 4113 0400 01 00004667
ख़ासतौर_से 04 02 4113 0400 01 00004667
ख़ुद 04 02 4113 0400 01 00004501
ख़ुद_ही 04 02 4113 0400 01 00004501
ख़ुद-ब-ख़ुद 04 01 0400 01 00012384
ख़ुदबख़ुद 04 01 0400 01 00012384
ख़ुशी_ख़ुशी 04 05 4110 4218 4112 4113 0400 02 00000857 00002479
ख़ुशी_से 04 05 4110 4218 4112 4113 0400 02 00000857 00002479
ख़ूब 04 02 4113 0400 01 00013340
खामोशी_से 04 03 4112 4113 0400 01 00004663
खाली 04 03 4112 4113 0400 01 00014619
खासकर 04 02 4113 0400 01 00004667
खासतौर_पर 04 02 4113 0400 01 00004667
खासतौर_से 04 02 4113 0400 01 00004667
खुद 04 02 4113 0400 01 00004501
खुद-ब-खुद 04 01 0400 01 00012384
खुदबखुद 04 01 0400 01 00012384
खुल_कर 04 03 4224 4112 0400 01 00000528
खुलकर 04 04 4229 4112 4113 0400 01 00000796
खुले_तौर_पर 04 03 4224 4112 0400 01 00000528
खुले-आम 04 04 4229 4112 4113 0400 01 00000796
खुलेआम 04 04 4229 4112 4113 0400 01 00000796
खुल्लम_खुल्ला 04 03 4224 4112 0400 01 00000528
खुल्लम-खुल्ला 04 04 4229 4112 4113 0400 01 00000796
खुल्लमखुल्ला 04 04 4229 4112 4113 0400 01 00000796
खुशी_खुशी 04 04 4110 4218 4113 0400 01 00002479
खुशी_से 04 04 4110 4218 4113 0400 01 00002479
खूब 04 02 4113 0400 01 00013340
खेल_खेल_में 04 03 4229 4113 0400 01 00004728
गलत_वक्त_पर 04 02 4226 0400 01 00001374
गलत_समय_पर 04 02 4113 0400 01 00003201
गहराई_में 04 02 4112 0400 01 00002147
गहरे 04 02 4112 0400 01 00002147
ग़लत_वक़्त_पर 04 02 4226 0400 01 00001374
ग़लत_समय_पर 04 02 4113 0400 01 00003201
गिरते_पड़ते 04 02 4113 0400 01 00011163
गिरते-पड़ते 04 02 4113 0400 01 00011163
गुपचुप_रूप_से 04 04 4229 4112 4113 0400 01 00002297
गुप्ततः 04 04 4229 4112 4113 0400 01 00002297
घर_घर 04 02 4113 0400 01 00008706
घर-घर 04 02 4113 0400 01 00008706
चटपट 04 02 4113 0400 01 00001922
चतुर्गुण 04 02 4113 0400 01 00022932
चहुँ_ओर 04 02 4113 0400 01 00000929
चार_गुना 04 02 4113 0400 01 00022932
चारगुना 04 02 4113 0400 01 00022932
चारनाचार 04 02 4224 0400 01 00002095
चारों_ओर 04 02 4113 0400 01 00000929
चारों_तरफ़ 04 02 4113 0400 01 00000929
चारों_दिशाओं_में 04 02 4113 0400 01 00000929
चिंताहीनतः 04 03 4226 4113 0400 01 00001262
चिंतिततः 04 03 4226 4113 0400 01 00001263
चुप 04 03 4112 4113 0400 01 00004663
चुपके_से 04 02 4113 0400 01 00010786
चुपके-चुपके 04 02 4113 0400 01 00010786
चुपचाप 04 03 4112 4113 0400 01 00004663
चुस्ती_से 04 01 0400 01 00001921
चूड़ांत 04 03 4112 4113 0400 01 00013474
चूड़ान्त 04 03 4112 4113 0400 01 00013474
चोरी_छिपे 04 04 4229 4112 4113 0400 01 00002297
चौकोर_में 04 02 4113 0400 01 00009664
चौगुना 04 02 4113 0400 01 00022932
चौबारा 04 02 4113 0400 01 00014824
छःगुना 04 02 4113 0400 01 00022937
छम-छम 04 02 4113 0400 01 00012057
छमछम 04 02 4113 0400 01 00012057
छहगुना 04 02 4113 0400 01 00022937
छिन-छिन 04 01 0400 01 00007875
छिनछिन 04 01 0400 01 00007875
छिन्न-भिन्न 04 02 4113 0400 01 00009016
छौगुना 04 02 4113 0400 01 00022937
जगह-जगह_पर 04 02 4113 0400 01 00011086
जब 04 02 4113 0400 02 00005486 00005487
जब_तक 04 02 4113 0400 01 00011084
जबरदस्ती 04 02 4113 0400 01 00009603
जबरन 04 02 4113 0400 01 00009603
जमकर 04 03 4112 4113 0400 02 00013340 00013474
जरा 04 02 4113 0400 01 00008861
जरा-सा 04 02 4113 0400 01 00008861
जरूर 04 02 4113 0400 01 00003150
जल्द 04 04 4110 4229 4113 0400 01 00002620
जल्द_से_जल्द 04 02 4113 0400 01 00001922
जल्दी 04 04 4110 4229 4113 0400 02 00002620 00019209
जल्दी_से_जल्दी 04 02 4113 0400 01 00001922
जहाँ 04 02 4113 0400 01 00023755
जहाँ_तहाँ 04 02 4113 0400 01 00002092
ज़बरदस्ती 04 02 4113 0400 01 00009603
ज़बरन 04 02 4113 0400 01 00009603
ज़रा 04 02 4113 0400 01 00008861
ज़रा-सा 04 02 4113 0400 01 00008861
ज़रूर 04 02 4113 0400 01 00003150
ज़िंदगीभर 04 02 4113 0400 01 00008522
ज़ोर_से 04 03 4112 4113 0400 01 00011105
ज़ोर-शोर_से 04 02 4113 0400 01 00013550
ज़ोरशोर_से 04 02 4113 0400 01 00013550
ज़ोरों_से 04 02 4113 0400 01 00013550
ज़्यादा 04 02 4113 0400 02 00011702 00013340
जाँच_परख_कर 04 02 4113 0400 01 00011739
जाँच_परखकर 04 02 4113 0400 01 00011739
जान-बूझकर 04 02 4113 0400 01 00010972
जानबूझकर 04 02 4113 0400 01 00010972
जिंदगीभर 04 02 4113 0400 01 00008522
जीवनभर 04 02 4113 0400 01 00008522
जुगत_लगाकर 04 03 4110 4113 0400 01 00000594
जैसे_का_तैसे 04 02 4113 0400 01 00019292
जैसे_तैसे 04 04 4229 4112 4113 0400 01 00000595
जैसे_भी_हो 04 02 4113 0400 01 00021991
जैसे_हो 04 02 4113 0400 01 00021991
जैसे-जैसे 04 02 4113 0400 01 00021989
जैसे-तैसे 04 02 4113 0400 01 00021988
जोर_से 04 03 4112 4113 0400 01 00011105
जोर-शोर_से 04 02 4113 0400 01 00013550
जोरदार 04 03 4112 4113 0400 01 00011105
जोरशोर_से 04 02 4113 0400 01 00013550
जोरों_से 04 02 4113 0400 01 00013550
ज्यादा 04 02 4113 0400 02 00011702 00013340
ज्यादातर 04 02 4113 0400 01 00007211
ज्यों_का_त्यों 04 02 4113 0400 01 00019292
ज्यों-ज्यों 04 02 4113 0400 01 00021989
झटके_के_साथ 04 02 4113 0400 01 00024222
झटके_से 04 02 4113 0400 01 00024222
झटपट 04 02 4113 0400 01 00001922
झूठ-मूठ 04 03 4110 4113 0400 01 00002879
टक-टक 04 02 4113 0400 01 00007872
टकटकी_से 04 02 4113 0400 01 00007872
टनाटन 04 03 4229 4113 0400 01 00014108
टुकुर_टुकुर 04 02 4113 0400 01 00007872
ठंडे_ठंडे 04 03 4112 4113 0400 01 00019130
ठंडे-ठंडे 04 03 4112 4113 0400 01 00019130
ठंढे_ठंढे 04 03 4112 4113 0400 01 00019130
ठंढे-ठंढे 04 03 4112 4113 0400 01 00019130
ठसाठस 04 02 4113 0400 01 00005766
ठहर_ठहर_कर 04 03 4229 4113 0400 01 00001850
ठहाका 04 02 4113 0400 01 00001922
ठीक 04 02 4113 0400 03 00006468 00009665 00019562
ठीक_से 04 03 4112 4113 0400 02 00013133 00019562
ठीक-ठाक 04 03 4112 4113 0400 02 00009665 00013133
ठीक-ठाक_से 04 03 4112 4113 0400 01 00013133
ठीकठाक 04 03 4112 4113 0400 02 00009665 00013133
ठुँसाठुँस 04 02 4113 0400 01 00005766
ठुसाठुस 04 02 4113 0400 01 00005766
डंके_की_चोट_पर 04 04 4229 4112 4113 0400 01 00000796
डटकर 04 02 4113 0400 01 00013340
डींग_मारते_हुए 04 02 4113 0400 01 00005934
ढंग_से 04 01 0400 01 00005946
तकरीबन 04 02 4112 0400 01 00002102
तक़रीबन 04 02 4112 0400 01 00002102
तख़मीनन 04 02 4112 0400 01 00002102
तड़_से 04 02 4113 0400 03 00001922 00001922 00018939
तड़के 04 03 4110 4113 0400 01 00005537
तड़ाक_से 04 02 4113 0400 02 00001922 00018939
तड़ातड़ 04 02 4113 0400 01 00018972
ततपश्चात 04 02 4113 0400 01 00008978
तत्काल 04 02 4113 0400 01 00001922
तत्क्षण 04 02 4113 0400 01 00001922
तथापि 04 02 4113 0400 01 00028171
तदंतर 04 02 4113 0400 01 00008978
तदउपरांत 04 02 4113 0400 01 00008978
तदनंतर 04 02 4113 0400 01 00008978
तदनन्तर 04 02 4113 0400 01 00008978
तदन्तर 04 02 4113 0400 01 00008978
तदुपरांत 04 02 4113 0400 01 00008978
तदुपरान्त 04 02 4113 0400 01 00008978
तदोपरांत 04 02 4113 0400 02 00008978 00008978
तदोपरान्त 04 02 4113 0400 01 00008978
तनहा 04 03 4112 4113 0400 01 00014619
तनिक 04 02 4113 0400 01 00008861
तन्हा 04 03 4112 4113 0400 01 00014619
तपाक_से 04 02 4113 0400 01 00001922
तब 04 02 4113 0400 02 00005933 00005935
तब_तक 04 02 4113 0400 01 00011082
तब_भी 04 02 4113 0400 01 00028171
तरकीब_से 04 03 4110 4113 0400 01 00000594
तरतीब_से 04 03 4112 4113 0400 01 00000854
तरतीबवार 04 03 4112 4113 0400 01 00004556
तरसों 04 03 4227 4113 0400 02 00022211 00022212
तरीक़े_से 04 04 4110 4112 4113 0400 03 00000594 00000854 00005946
तरीके_से 04 03 4112 4113 0400 01 00000854
तले 04 03 4112 4113 0400 01 00008992
ताउम्र 04 02 4113 0400 01 00008522
ताबड़तोड़ 04 03 4229 4113 0400 01 00002868
तिगुना 04 02 4113 0400 01 00022931
तितर-बितर 04 02 4113 0400 01 00009016
तिबारा 04 02 4113 0400 01 00014816
तीन_गुना 04 02 4113 0400 01 00022931
तीनगुना 04 02 4113 0400 01 00022931
तीव्र 04 03 4112 4113 0400 01 00011105
तीव्रता_से 04 03 4112 4113 0400 01 00011105
तुरंत 04 02 4113 0400 01 00001922
तुरन्त 04 02 4113 0400 01 00001922
तुलना_में 04 01 0400 01 00008220
तूर्ण 04 04 4110 4229 4113 0400 01 00002620
तेज 04 03 4112 4113 0400 01 00011105
तेज़ 04 03 4112 4113 0400 01 00011105
तेज़ी_से 04 03 4112 4113 0400 01 00011105
तेजी_से 04 03 4112 4113 0400 01 00011105
तेबारा 04 02 4113 0400 01 00014816
थर-थर 04 02 4113 0400 01 00003220
थरथर 04 02 4113 0400 01 00003220
थोड़ा 04 02 4113 0400 01 00008861
थोड़ा_थोड़ा 04 03 4110 4113 0400 01 00001737
थोड़ा_सा 04 02 4113 0400 02 00008861 00013455
थोड़ा-थोड़ा 04 03 4110 4113 0400 01 00001737
थोड़ा-सा 04 02 4113 0400 01 00008861
दनादन 04 03 4229 4113 0400 02 00002868 00006088
दया_से 04 02 4218 0400 01 00001179
दयापूर्वक 04 02 4218 0400 01 00001179
दर-दर 04 02 4113 0400 01 00009077
दर-बदर 04 02 4113 0400 01 00009077
दरअसल 04 02 4113 0400 01 00000526
दरकिनार 04 02 4113 0400 01 00024384
दरपरदा 04 02 4113 0400 01 00010786
दरपेश 04 02 4113 0400 01 00000892
दरसाल 04 03 4110 4113 0400 01 00011091
दर्शनार्थ 04 02 4113 0400 01 00006364
दश_गुना 04 02 4113 0400 01 00022941
दशगुना 04 02 4113 0400 01 00022941
दस_गुना 04 02 4113 0400 01 00022941
दसगुना 04 02 4113 0400 01 00022941
दिन_रात 04 02 4113 0400 01 00007161
दिन-दिन 04 02 4113 0400 01 00012269
दिन-पर-दिन 04 02 4113 0400 01 00012269
दिन-प्रतिदिन 04 02 4113 0400 01 00012269
दिन-ब_दिन 04 02 4113 0400 01 00012269
दिन-बदिन 04 02 4113 0400 01 00012269
दिन-रात 04 02 4113 0400 01 00007161
दिनदिन 04 02 4113 0400 01 00012269
दिनप्रतिदिन 04 02 4113 0400 01 00012269
दिनबदिन 04 02 4113 0400 01 00012269
दिनभर 04 03 4112 4113 0400 01 00009105
दिनरात 04 02 4113 0400 01 00007161
दिनों-दिन 04 02 4113 0400 01 00012269
दिनोंदिन 04 02 4113 0400 01 00012269
दुगना 04 02 4113 0400 01 00022928
दुगुना 04 02 4113 0400 01 00022928
दुबारा 04 02 4113 0400 01 00002814
दूना 04 02 4113 0400 01 00022928
दूर 04 04 4223 4112 4113 0400 02 00003075 00024384
दूरी_पर 04 04 4223 4112 4113 0400 01 00003075
दृढ़तापूर्वक 04 04 4110 4112 4113 0400 02 00002445 00004250
देर_में 04 02 4227 0400 01 00001586
देर-सवेर 04 02 4113 0400 02 00020897 00020898
देरी_से 04 02 4227 0400 01 00001586
दैववश 04 02 4113 0400 01 00000051
दैवात् 04 02 4113 0400 01 00000051
दोगुना 04 02 4113 0400 01 00022928
दोबारा 04 02 4113 0400 01 00002814
द्वार-द्वार 04 02 4113 0400 01 00009077
द्विगुण 04 02 4113 0400 01 00022928
द्विगुणित 04 02 4113 0400 01 00022928
द्वेषपूर्वक 04 03 4110 4224 0400 01 00001118
द्वेषहीनतः 04 02 4224 0400 01 00001117
धड़ाधड़ 04 03 4229 4113 0400 02 00002868 00019572
धर्मार्थ 04 03 4110 4113 0400 01 00015437
धीमे 04 02 4113 0400 01 00010084
धीरे 04 02 4113 0400 01 00010084
धीरे_धीरे 04 02 4113 0400 01 00010085
धीरे-धीरे 04 02 4113 0400 01 00010085
धूआँधार 04 03 4229 4113 0400 01 00002868
ध्यान_से 04 02 4226 0400 01 00001920
ध्यानपूर्वक 04 02 4226 0400 01 00001920
ध्यानहीनतः 04 03 4226 4113 0400 01 00001963
नंगे_पैर 04 02 4113 0400 01 00005673
नजदीक 04 03 4223 4113 0400 01 00000373
नज़दीक 04 03 4223 4113 0400 01 00000373
नजीक 04 03 4223 4113 0400 01 00000373
नम्रतापूर्वक 04 03 4112 4113 0400 01 00012899
नरसों 04 03 4227 4113 0400 02 00022211 00022212
नल्ल 04 03 4112 4113 0400 14 00011104 00019203 00017290 00017008 00017007 00013807 00012705 00012650 00012648 00012647 00011920 00011169 00011108 00021097
नवगुना 04 02 4113 0400 01 00022940
नाख़ुशी_से 04 04 4110 4229 4113 0400 01 00001093
नाखुशी_से 04 04 4110 4229 4113 0400 01 00001093
नाममात्र 04 02 4113 0400 01 00013455
नाराजगीपूर्वक 04 04 4110 4229 4113 0400 01 00001093
नाराज़गीपूर्वक 04 04 4110 4229 4113 0400 01 00001093
नाहक 04 03 4110 4113 0400 01 00002879
नाहक़ 04 03 4110 4113 0400 01 00002879
निःसंकोच 04 03 4112 4113 0400 01 00003726
निःसंदेह 04 02 4113 0400 01 00003150
निःसन्देह 04 02 4113 0400 01 00003150
निःस्वार्थ 04 02 4113 0400 01 00019588
निकट 04 03 4223 4113 0400 01 00000373
निकट_में 04 03 4223 4113 0400 01 00000373
नित 04 01 0400 01 00006459
नितांत 04 02 4113 0400 01 00006468
नितान्त 04 02 4113 0400 01 00006468
नित्य 04 02 4113 0400 02 00006459 00007161
नित्य_प्रति 04 02 4113 0400 01 00007161
नित्यप्रति 04 01 0400 01 00006459
निपट 04 03 4112 4113 0400 02 00006468 00014619
निमिष-मात्र 04 03 4112 4113 0400 01 00012924
निमेष-मात्र 04 03 4112 4113 0400 01 00012924
निम्नतः 04 02 4113 0400 01 00002148
नियम_से 04 03 4110 4113 0400 01 00007162
नियमानुसार 04 03 4110 4113 0400 02 00007162 00020250
नियमिततः 04 03 4110 4113 0400 01 00007162
निरंतर 04 03 4229 4113 0400 02 00002868 00007161
निरन्तर 04 03 4229 4113 0400 02 00002868 00007161
निरुद्देश्य 04 02 4224 0400 01 00001455
निरुद्देश्यतः 04 02 4224 0400 01 00001455
निर्दयता_से 04 02 4218 0400 01 00001170
निर्दयतापूर्वक 04 02 4218 0400 01 00001170
निर्निमिष 04 03 4112 4113 0400 01 00012064
निर्निमेख 04 03 4112 4113 0400 01 00012064
निर्निमेष 04 03 4112 4113 0400 01 00012064
निश्चयपूर्वक 04 03 4112 4113 0400 01 00002445
निश्चिंततः 04 03 4226 4113 0400 01 00001262
निश्शब्द 04 03 4112 4113 0400 01 00004663
निष्कारण 04 04 4224 4112 4113 0400 01 00002243
निस-वासर 04 02 4113 0400 01 00007161
निसंकोच 04 03 4112 4113 0400 01 00003726
निसंदेह 04 02 4113 0400 01 00003150
निसन्देह 04 02 4113 0400 01 00003150
निसवासर 04 02 4113 0400 01 00007161
निस्वार्थ 04 02 4113 0400 01 00019588
निस्संकोच 04 03 4112 4113 0400 01 00003726
निस्संदेह 04 02 4113 0400 01 00003150
निस्सन्देह 04 02 4113 0400 01 00003150
निहायत 04 03 4112 4113 0400 01 00013474
नीचे 04 03 4112 4113 0400 02 00002148 00008992
नीठि 04 04 4229 4112 4113 0400 01 00000595
नौगुना 04 02 4113 0400 01 00022940
न्यूनाधिक 04 02 4113 0400 01 00024746
पचगुना 04 02 4113 0400 01 00022933
पट 04 02 4113 0400 01 00006621
पट्ट 04 02 4113 0400 01 00006621
पद_प्रति_पद 04 02 4113 0400 01 00004558
परंपरानुसार 04 02 4113 0400 01 00009594
परवशतः 04 03 4229 4113 0400 01 00002116
परसेंट 04 02 4113 0400 01 00009502
परसों 04 03 4227 4113 0400 02 00022209 00022210
परस्पर 04 02 4113 0400 01 00006712
पराधीनतः 04 03 4229 4113 0400 01 00002116
परिणाम_स्वरूप 04 02 4113 0400 01 00010835
परिणामतः 04 02 4113 0400 01 00010835
परिणामस्वरूप 04 02 4113 0400 01 00010835
परे 04 04 4223 4112 4113 0400 04 00002107 00003075 00013310 00013309
पल_पल 04 01 0400 01 00007875
पल-पल 04 01 0400 01 00007875
पल-भर 04 03 4112 4113 0400 01 00012924
पलभर 04 03 4112 4113 0400 01 00012924
पश्चतः 04 02 4220 0400 01 00001267
पश्चात 04 02 4113 0400 01 00002813
पश्चात् 04 02 4113 0400 01 00002813
पहले 04 02 4113 0400 02 00006768 00006769
पहले_पहल 04 03 4112 4113 0400 01 00000855
पहले_से 04 01 0400 01 00006907
पहले-पहल 04 03 4112 4113 0400 01 00000855
पाँचगुना 04 02 4113 0400 01 00022933
पाछे 04 02 4220 0400 01 00001267
पास 04 03 4223 4113 0400 02 00000373 00000853
पास_पड़ोस 04 02 4113 0400 01 00008480
पास_में 04 03 4223 4113 0400 01 00000373
पास-पड़ोस 04 02 4113 0400 01 00008480
पिछले_दिनों_में 04 05 4227 4112 4330 4113 0400 01 00003641
पीछे 04 06 4220 4227 4112 4330 4113 0400 03 00001267 00002813 00003641
पीछे-पीछे 04 02 4220 0400 01 00001268
पुनः 04 02 4113 0400 01 00002814
पूरा 04 02 4110 0400 01 00026759
पूरी_तरह 04 02 4110 0400 01 00026759
पूरी_तरह_से 04 02 4113 0400 01 00006468
पूरेदिन 04 03 4112 4113 0400 01 00009105
पूर्णतः 04 02 4113 0400 01 00006468
पूर्णतया 04 02 4113 0400 01 00006468
पूर्व 04 02 4113 0400 01 00006768
पूर्व_काल_में 04 01 0400 01 00006769
पूर्वतः 04 01 0400 01 00006907
पूर्ववत 04 03 4112 4113 0400 01 00009478
पूर्ववत् 04 03 4112 4113 0400 01 00009478
पूर्वापर 04 03 4112 4113 0400 01 00010759
पृष्ठतः 04 02 4220 0400 01 00001267
पेटकैयाँ 04 02 4113 0400 01 00006621
पेटभर 04 02 4113 0400 01 00004723
पेश 04 02 4113 0400 01 00010870
पैदल 04 02 4113 0400 01 00006274
प्रति_क्षण 04 01 0400 01 00007875
प्रतिक्षण 04 03 4229 4113 0400 02 00002868 00007875
प्रतिदिन 04 01 0400 01 00006459
प्रतिपल 04 01 0400 01 00007875
प्रतिरूपतः 04 02 4113 0400 01 00003916
प्रतिवर्ष 04 03 4110 4113 0400 01 00011091
प्रतिशत 04 02 4113 0400 01 00009502
प्रथम 04 02 4113 0400 01 00006768
प्रथमतः 04 03 4112 4113 0400 02 00000855 00006768
प्रयत्न_से 04 04 4218 4112 4113 0400 01 00000053
प्रयत्नतः 04 04 4218 4112 4113 0400 01 00000053
प्रयत्नपूर्वक 04 04 4218 4112 4113 0400 01 00000053
प्रयत्नहीनतः 04 04 4218 4112 4113 0400 01 00000052
प्रयोजनतः 04 04 4224 4112 4113 0400 01 00001121
प्रयोजनहीनतः 04 04 4224 4112 4113 0400 01 00002244
प्रवाह_की_ओर 04 02 4113 0400 01 00027740
प्रवाह_की_दिशा_में 04 02 4113 0400 01 00027740
प्रसन्नतः 04 04 4110 4218 4113 0400 01 00002479
प्रसन्नतापूर्वक 04 04 4110 4218 4113 0400 01 00002479
प्रायः 04 02 4113 0400 02 00001811 00007211
प्रारम्भ_में 04 02 4113 0400 01 00006768
फजूल 04 03 4110 4113 0400 01 00002879
फटाफट 04 02 4113 0400 01 00001922
फलतः 04 02 4113 0400 01 00010835
फलस्वरूप 04 02 4113 0400 01 00010835
फ़ज़ूल 04 03 4110 4113 0400 01 00002879
फ़जूल 04 02 4113 0400 01 00017931
फ़िज़ूल 04 03 4110 4113 0400 01 00002879
फ़िजूल 04 02 4113 0400 01 00017931
फ़िलहाल 04 05 4110 4227 4336 4113 0400 02 00002785 00011083
फ़ीसदी 04 02 4113 0400 01 00009502
फ़ौरन 04 02 4113 0400 01 00001922
फिजूल 04 03 4110 4113 0400 02 00002879 00017931
फिर 04 02 4113 0400 01 00002814
फिर_भी 04 02 4113 0400 01 00028171
फिर_से 04 02 4113 0400 01 00002814
फिलहाल 04 05 4110 4227 4336 4113 0400 02 00002785 00011083
फीसदी 04 02 4113 0400 01 00009502
फुर्ती_से 04 01 0400 01 00001921
फूट-फूटकर 04 02 4113 0400 01 00013909
फूटफूट_कर 04 02 4113 0400 01 00013909
फौरन 04 02 4113 0400 01 00001922
बख़ूबी 04 03 4112 4113 0400 01 00016207
बख़ैर 04 03 4112 4113 0400 01 00013133
बख़ैरीय 04 03 4112 4113 0400 01 00013133
बखूबी 04 03 4112 4113 0400 01 00016207
बखैर 04 03 4112 4113 0400 01 00013133
बखैरीयत 04 03 4112 4113 0400 01 00013133
बग-मेल 04 02 4113 0400 01 00021460
बगछुट 04 02 4113 0400 01 00021990
बगटुट 04 02 4113 0400 01 00021990
बगमेल 04 02 4113 0400 01 00021460
बग़ैर 04 01 0400 01 00011026
बगैर 04 01 0400 01 00011026
बजे 04 02 4113 0400 01 00011099
बढ़ा-चढ़ाकर 04 02 4113 0400 01 00012676
बढ़ाचढ़ाकर 04 02 4113 0400 01 00012676
बढ़िया 04 03 4229 4113 0400 02 00009665 00014108
बतौर 04 01 0400 01 00005946
बदस्तूर 04 03 4110 4113 0400 02 00007162 00009594
बरज़ोरी 04 02 4113 0400 01 00009603
बरबस 04 03 4224 4113 0400 02 00002095 00009603
बराए_मेहरबानी 04 02 4218 0400 01 00001179
बर्बरतापूर्वक 04 02 4218 0400 01 00001170
बलपूर्वक 04 02 4113 0400 01 00009603
बस 04 03 4112 4113 0400 02 00009611 00014619
बहुत 04 02 4113 0400 01 00013340
बहुत_अधिक 04 03 4112 4113 0400 01 00013474
बहुत_बार 04 02 4113 0400 01 00007210
बहुत_ही 04 03 4112 4113 0400 01 00013474
बहुधा 04 02 4113 0400 01 00007211
बाइज़्ज़त 04 02 4113 0400 01 00023778
बाइज्जत 04 02 4113 0400 01 00023778
बाएँ 04 01 0400 01 00003895
बाएँ_बाज़ू 04 01 0400 01 00003895
बाक़ायदा 04 01 0400 01 00005946
बाद 04 02 4113 0400 02 00002813 00013310
बाद_में 04 02 4113 0400 01 00002813
बाद-हवाई 04 02 4113 0400 01 00017931
बादहवाई 04 02 4113 0400 01 00017931
बायें 04 01 0400 01 00003895
बार_बार 04 02 4113 0400 01 00011236
बार-बार 04 02 4113 0400 01 00011236
बारंबार 04 02 4113 0400 01 00011236
बारम्बार 04 02 4113 0400 01 00011236
बारी-बारी_से 04 03 4112 4113 0400 01 00004556
बारीक़ी_से 04 03 4112 4113 0400 01 00011074
बारीकी_से 04 03 4112 4113 0400 01 00011074
बासऊर 04 04 4224 4112 4113 0400 01 00000559
बाहर 04 03 4223 4113 0400 03 00007264 00007265 00023775
बिन_बोले 04 03 4112 4113 0400 01 00004663
बिन_माँगे 04 03 4218 4113 0400 01 00001208
बिनमाँगे 04 03 4218 4113 0400 01 00001208
बिना 04 01 0400 01 00011026
बिना_परिश्रम 04 04 4218 4112 4113 0400 01 00000052
बिना_लाग_लपेट_के 04 03 4224 4112 0400 01 00000528
बिना_शक 04 02 4113 0400 01 00003150
बिलकुल 04 02 4113 0400 02 00003150 00006468
बिलानागा 04 03 4112 4113 0400 01 00016211
बिलाशक 04 02 4113 0400 01 00003150
बिल्कुल 04 02 4113 0400 02 00003150 00006468
बीच-बीच_में 04 02 4113 0400 01 00011076
बीचम_बीच 04 03 4112 4113 0400 01 00005609
बीचों_बीच 04 03 4112 4113 0400 01 00005609
बीचों-बीच 04 03 4112 4113 0400 01 00005609
बीचोंबीच 04 03 4112 4113 0400 01 00005609
बीचोबीच 04 03 4112 4113 0400 01 00005609
बुरा 04 03 4229 4113 0400 01 00014109
बुरी_तरह 04 03 4229 4113 0400 01 00014109
बे-इंतहा 04 03 4112 4113 0400 01 00013474
बेआराम 04 02 4113 0400 01 00007390
बेइंतहा 04 03 4112 4113 0400 01 00013474
बेखटक 04 03 4112 4113 0400 01 00003726
बेखटके 04 04 4226 4112 4113 0400 02 00001262 00003726
बेझिझक 04 03 4112 4113 0400 01 00003726
बेतरतीब 04 02 4113 0400 01 00009016
बेतरीक़े 04 02 4226 0400 01 00001447
बेतहाशा 04 02 4113 0400 01 00008471
बेदर्दी_से 04 02 4218 0400 01 00001170
बेधड़क 04 03 4112 4113 0400 01 00003726
बेमतलब 04 04 4224 4112 4113 0400 01 00002243
बेमौके 04 02 4113 0400 01 00003201
बेरहमी_से 04 02 4218 0400 01 00001170
बेवक़्त 04 03 4226 4113 0400 02 00001374 00003201
बेवक्त 04 03 4226 4113 0400 02 00001374 00003201
बेवजह 04 04 4224 4112 4113 0400 01 00002244
बेशक 04 02 4113 0400 01 00003150
बेसाख्ता 04 02 4113 0400 01 00001922
बेसोचे_समझे 04 04 4229 4112 4113 0400 01 00002824
बेहिचक 04 03 4112 4113 0400 01 00003726
भर_में 04 02 4113 0400 01 00028223
भरपूर 04 02 4113 0400 01 00000524
भरपेट 04 02 4113 0400 01 00004723
भरसक 04 03 4112 4113 0400 01 00009882
भरोसे 04 03 4112 4113 0400 01 00009058
भली_भाँति 04 02 4113 0400 01 00000524
भली_भांति 04 02 4113 0400 01 00000524
भली-भाँति 04 02 4113 0400 01 00000524
भली-भांति 04 02 4113 0400 01 00000524
भलीभाँति 04 02 4113 0400 01 00000524
भलीभांति 04 02 4113 0400 01 00000524
भविष्य_काल_में 04 05 4227 4112 4336 4113 0400 01 00003640
भविष्य_में 04 05 4227 4112 4336 4113 0400 01 00003640
भिनसहरे 04 03 4110 4113 0400 01 00012218
भिनसारे 04 03 4110 4113 0400 01 00012218
भी 04 02 4113 0400 02 00028094 00028181
भीतर 04 03 4218 4113 0400 02 00013205 00026821
भूत_काल_में 04 05 4227 4112 4330 4113 0400 01 00003641
भूत_में 04 05 4227 4112 4330 4113 0400 01 00003641
भौंचक्का 04 02 4113 0400 01 00010845
मजबूती_से 04 03 4110 4113 0400 01 00004250
मजबूरन 04 02 4224 0400 01 00002095
मज़बूती_से 04 03 4110 4113 0400 01 00004250
मज़बूरन 04 02 4224 0400 01 00002095
मद्देनजर 04 02 4113 0400 01 00015496
मद्देनज़र 04 02 4113 0400 01 00015496
मरणोपरांत 04 03 4110 4113 0400 01 00009737
मरणोपरान्त 04 03 4110 4113 0400 01 00009737
मर्णोत्तर 04 03 4110 4113 0400 01 00022158
मसलन 04 01 0400 01 00010930
महज़ 04 03 4112 4113 0400 01 00014619
महा 04 03 4112 4113 0400 01 00013474
माँगकर 04 02 4224 0400 01 00001207
मात्र 04 03 4112 4113 0400 01 00014619
माथे 04 03 4112 4113 0400 01 00009058
माफिक 04 02 4113 0400 01 00000123
मुआफ़िक़ 04 02 4113 0400 01 00000123
मुआफिक 04 02 4113 0400 01 00000123
मुक़ाबले 04 01 0400 01 00008220
मुकाबले 04 01 0400 01 00008220
मुख्यतः 04 02 4113 0400 01 00004667
मुताबिक 04 02 4113 0400 01 00000123
मुताबिक़ 04 02 4113 0400 01 00000123
मुश्किल_से 04 04 4229 4112 4113 0400 01 00000595
मुस्तैदी_से 04 01 0400 01 00001921
मूलतः 04 02 4113 0400 01 00023786
मृत्युपर्यन्त 04 02 4113 0400 01 00008522
में 04 02 4113 0400 01 00002146
मेहरबानी_करके 04 03 4112 4113 0400 01 00011357
मौन 04 03 4112 4113 0400 01 00004663
मौनतः 04 03 4112 4113 0400 01 00004663
यक़ीनन 04 02 4113 0400 01 00003150
यकायक 04 02 4113 0400 01 00000051
यकीनन 04 02 4113 0400 01 00003150
यत्किंचित् 04 02 4113 0400 01 00008861
यथाकर्म 04 02 4113 0400 01 00022955
यथाक्रम 04 03 4112 4113 0400 01 00004556
यथाक्षम 04 03 4112 4113 0400 01 00009882
यथानियम 04 02 4113 0400 01 00020250
यथापराध 04 02 4113 0400 01 00020249
यथाभीष्ट 04 03 4110 4113 0400 01 00009883
यथावत 04 02 4113 0400 01 00024620
यथावत् 04 02 4113 0400 01 00024620
यथावांछित 04 03 4110 4113 0400 01 00009883
यथाशक्ति 04 03 4112 4113 0400 01 00009882
यथासंभव 04 03 4112 4113 0400 01 00009882
यथासमय 04 04 4110 4226 4113 0400 01 00001358
यथासाध्य 04 03 4112 4113 0400 01 00009882
यथास्थान 04 02 4113 0400 01 00023026
यथेच्छ 04 03 4110 4113 0400 01 00009883
यदा 04 02 4113 0400 01 00005486
यदा-कदा 04 03 4112 4113 0400 01 00008465
यदाकदा 04 03 4112 4113 0400 01 00008465
यदि 04 02 4113 0400 01 00005487
यहाँ 04 03 4223 4113 0400 01 00002647
यहाँ_पर 04 02 4223 0400 01 00001730
याचिततः 04 02 4224 0400 01 00001207
युक्तिपूर्वक 04 03 4110 4113 0400 01 00000594
यूँ 04 02 4113 0400 01 00009891
यूँ_ही 04 05 4110 4224 4112 4113 0400 02 00002244 00002879
यों 04 02 4113 0400 01 00009891
यों_ही 04 03 4110 4113 0400 02 00002879 00017931
यौं_ही 04 03 4110 4113 0400 01 00002879
रंचमात्र 04 02 4113 0400 01 00013455
रफ्ता-रफ्ता 04 02 4113 0400 01 00010085
रातों-रात 04 02 4113 0400 01 00017370
रातोंरात 04 02 4113 0400 01 00017370
रिम-झिम 04 02 4113 0400 01 00013562
रिमझिम 04 02 4113 0400 01 00013562
रिमझिम-रिमझिम 04 02 4113 0400 01 00013562
रुक-रुक_कर 04 03 4229 4113 0400 01 00001850
रुक-रुककर 04 03 4229 4113 0400 01 00001850
रोज 04 01 0400 01 00006459
रोज़ 04 01 0400 01 00006459
रोज़ाना 04 01 0400 01 00006459
रोजाना 04 01 0400 01 00006459
लगभग 04 02 4112 0400 01 00002102
लगातार 04 03 4229 4113 0400 01 00002868
लबरेज 04 02 4113 0400 01 00010982
लबरेज़ 04 02 4113 0400 01 00010982
लबालब 04 02 4113 0400 01 00010982
लापरवाही_से 04 03 4226 4113 0400 01 00001963
लेशमात्र 04 02 4113 0400 01 00013455
लौटानी 04 02 4113 0400 01 00014421
वरीयता_से 04 02 4113 0400 01 00028610
वर्गाकार_में 04 02 4113 0400 01 00009664
वर्तमान_में 04 04 4110 4227 4336 0400 01 00002785
वस्तुतः 04 02 4113 0400 01 00000526
वहाँ 04 03 4223 4113 0400 01 00001609
वाकई 04 02 4113 0400 01 00000526
वाक़ई 04 02 4113 0400 01 00000526
वापस 04 02 4113 0400 01 00010819
वापिस 04 02 4113 0400 01 00010819
वास्तव_में 04 02 4113 0400 01 00000526
विचारपूर्वक 04 02 4226 0400 01 00001807
विचारहीनतः 04 04 4229 4112 4113 0400 01 00002824
विचारिततः 04 02 4226 0400 01 00001807
विधानतः 04 02 4113 0400 01 00015623
विधिपूर्वक 04 01 0400 01 00005946
विधिवत् 04 01 0400 01 00005946
विधिहीनतः 04 02 4226 0400 01 00001447
विनयपूर्वक 04 03 4112 4113 0400 01 00012899
विरामतः 04 03 4229 4113 0400 01 00001850
विलंबतः 04 02 4227 0400 01 00001586
विलंबपूर्वक 04 02 4227 0400 01 00001586
विवश_होकर 04 02 4224 0400 01 00002095
विवशतः 04 02 4224 0400 01 00002095
विशिष्टतः 04 02 4113 0400 01 00004667
विशेषकर 04 02 4113 0400 01 00004667
विशेषतः 04 02 4113 0400 01 00004667
विश्वसनीयता_से 04 02 4113 0400 01 00028224
विश्वास_के_साथ 04 02 4113 0400 01 00028224
विस्तार_से 04 02 4113 0400 01 00028197
विस्तारपूर्वक 04 02 4113 0400 01 00028197
वृथा 04 02 4113 0400 01 00017931
वैसा 04 02 4113 0400 01 00010811
वैसे 04 02 4113 0400 01 00010811
व्यर्थ 04 02 4113 0400 01 00017931
व्यर्थ_ही 04 03 4110 4113 0400 01 00002879
व्यवस्थापूर्वक 04 03 4112 4113 0400 01 00000854
व्यवस्थिततः 04 03 4112 4113 0400 01 00000854
शत-प्रतिशत 04 02 4113 0400 01 00006468
शब्दशः 04 03 4112 4113 0400 01 00014680
शांतिपूर्वक 04 03 4112 4113 0400 01 00013752
शान्तिपूर्वक 04 03 4112 4113 0400 01 00013752
शायद 04 02 4113 0400 01 00004084
शालीनतः 04 04 4224 4112 4113 0400 01 00000559
शिष्टतः 04 04 4224 4112 4113 0400 01 00000559
शिष्टाचारपूर्वक 04 04 4224 4112 4113 0400 01 00000559
शिष्टाचारहीनतः 04 03 4224 4112 0400 01 00000529
शीघ्र 04 04 4110 4229 4113 0400 01 00002620
शीघ्रतः 04 04 4110 4229 4113 0400 01 00002620
शुरुआत_में 04 02 4113 0400 01 00006768
शुरुवात_में 04 02 4113 0400 01 00006768
शुरू_में 04 03 4112 4113 0400 02 00000855 00006768
शेखी_मारते_हुए 04 02 4113 0400 01 00005934
शौकिया 04 03 4110 4113 0400 01 00007249
संकल्पपूर्वक 04 03 4112 4113 0400 01 00002445
संकोचहीनतः 04 03 4112 4113 0400 01 00003726
संदिग्धतः 04 03 4224 4112 0400 01 00000527
संपूर्णतः 04 02 4113 0400 01 00006468
संपूर्णतया 04 02 4113 0400 01 00006468
संप्रति 04 05 4110 4227 4336 4113 0400 02 00002785 00011083
संभवतः 04 02 4113 0400 01 00004084
संभालकर 04 02 4226 0400 01 00001920
संयोगवश 04 04 4110 4112 4113 0400 01 00002624
संयोगवशात् 04 04 4110 4112 4113 0400 01 00002624
सकुशल 04 03 4112 4113 0400 01 00013133
सख़्त 04 03 4112 4113 0400 01 00013474
सख्त 04 03 4112 4113 0400 01 00013474
सगर्व 04 02 4113 0400 01 00000833
सच-सच 04 02 4113 0400 01 00024238
सचमुच 04 02 4113 0400 01 00000526
सच्ची_मुच्ची 04 02 4113 0400 01 00000526
सच्ची-मुच्ची 04 02 4113 0400 01 00000526
सतगुना 04 02 4113 0400 01 00022938
सतत 04 03 4229 4113 0400 01 00002868
सत्कारपूर्वक 04 03 4112 4113 0400 01 00001464
सत्यतः 04 02 4113 0400 01 00000526
सदा 04 02 4113 0400 01 00007161
सदेह 04 03 4110 4113 0400 01 00008212
सदैव 04 02 4113 0400 01 00007161
सन्निकट 04 03 4223 4113 0400 01 00000373
सपत्नीक 04 02 4113 0400 01 00012317
सप्रयोजन 04 04 4224 4112 4113 0400 01 00001121
सब_मिलाकर 04 02 4113 0400 01 00011113
सब_में 04 02 4113 0400 01 00011090
सबसे_पहले 04 03 4110 4229 0400 01 00002368
सबेरे 04 03 4110 4113 0400 02 00005537 00019209
सभी_तरफ़ 04 02 4113 0400 01 00000929
सभ्यतः 04 04 4224 4112 4113 0400 01 00000559
समक्ष 04 02 4113 0400 01 00000892
समझ_बूझ_कर 04 02 4226 0400 01 00001807
समझ-बूझकर 04 02 4226 0400 01 00001807
समय-समय_पर 04 02 4113 0400 01 00011076
समयानुसार 04 04 4110 4226 4113 0400 01 00001358
समीप 04 03 4223 4113 0400 01 00000373
समूहतः 04 03 4110 4113 0400 01 00000596
समेत 04 02 4113 0400 01 00010187
सम्प्रति 04 02 4113 0400 01 00011083
सम्भालकर 04 02 4226 0400 01 00001920
सम्मुख 04 02 4113 0400 01 00000892
सरपट 04 02 4113 0400 01 00011941
सरलता_से 04 03 4229 4113 0400 01 00004728
सरसरी 04 02 4113 0400 01 00010191
सरासर 04 02 4113 0400 01 00006468
सरे_आम 04 04 4229 4112 4113 0400 01 00000796
सरे-आम 04 04 4229 4112 4113 0400 01 00000796
सरेआम 04 04 4229 4112 4113 0400 01 00000796
सरेशाम 04 02 4113 0400 01 00021986
सर्व_प्रथम 04 03 4112 4113 0400 01 00000855
सर्वत्र 04 02 4113 0400 01 00000929
सर्वथा 04 02 4113 0400 01 00007161
सर्वदा 04 02 4113 0400 01 00007161
सर्वप्रथम 04 03 4112 4113 0400 02 00000855 00006768
सर्वोपरि 04 02 4113 0400 01 00024589
सलीक़े_से 04 04 4224 4112 4113 0400 01 00000559
सविरामतः 04 03 4229 4113 0400 01 00001850
सविस्मय 04 03 4112 4113 0400 01 00001241
सवेरे 04 03 4110 4113 0400 02 00005537 00019209
सशरीर 04 03 4110 4113 0400 01 00008212
ससमय 04 04 4110 4226 4113 0400 01 00001358
ससम्मान 04 03 4112 4113 0400 02 00001464 00023778
सहजतः 04 03 4229 4113 0400 01 00004728
सहजता_से 04 03 4229 4113 0400 01 00004728
सहर्ष 04 04 4110 4218 4113 0400 01 00002479
सहसा 04 02 4113 0400 01 00000051
सहित 04 02 4113 0400 01 00010187
सही_सलामत 04 03 4112 4113 0400 01 00013133
सही-सलामत 04 03 4112 4113 0400 01 00013133
साक्षात 04 02 4113 0400 01 00004501
साक्षात् 04 02 4113 0400 01 00004501
सातंक 04 03 4112 4113 0400 01 00014752
सातगुना 04 02 4113 0400 01 00022938
साथ_ही 04 02 4113 0400 01 00028602
साथ_ही_साथ 04 02 4113 0400 01 00028602
साथ-साथ 04 02 4113 0400 01 00028602
सादर 04 03 4112 4113 0400 01 00001464
सादेश 04 02 4113 0400 01 00004468
साधारणतः 04 03 4112 4113 0400 01 00010889
साधारणतया 04 03 4112 4113 0400 01 00010889
साधिकार 04 02 4226 0400 01 00001812
साफ़_साफ़ 04 03 4224 4112 0400 01 00000528
साफ़-साफ़ 04 03 4224 4112 0400 01 00000528
साभार 04 03 4110 4113 0400 01 00025047
साभिप्रायः 04 02 4224 0400 01 00001451
साभिमान 04 02 4113 0400 01 00000833
सामने 04 02 4113 0400 03 00000892 00008219 00011921
सामान्यतः 04 03 4112 4113 0400 01 00010889
सामान्यतया 04 03 4112 4113 0400 01 00010889
सामूहिक_रूप_से 04 03 4110 4113 0400 01 00000596
सायास 04 04 4218 4112 4113 0400 01 00000053
सावधानतः 04 02 4226 0400 01 00001920
सावधानी_से 04 02 4226 0400 01 00001920
सावधानीपूर्वक 04 02 4226 0400 01 00001920
साश्चर्य 04 03 4112 4113 0400 01 00001241
साश्रु 04 02 4113 0400 01 00020703
सासूय 04 03 4110 4224 0400 01 00001118
सिताब 04 02 4113 0400 01 00001922
सिताबी 04 02 4113 0400 01 00001922
सिर्फ 04 03 4112 4113 0400 01 00014619
सिर्फ़ 04 03 4112 4113 0400 01 00014619
सिलसिलेवार 04 03 4112 4113 0400 01 00004556
सीधा 04 02 4113 0400 05 00010980 00008219 00012315 00012316 00024504
सीधे 04 02 4113 0400 06 00010980 00008219 00012314 00012315 00012316 00024504
सुबह 04 03 4110 4113 0400 01 00005537
सुबह_सवेरे 04 03 4110 4113 0400 01 00005537
सुबह-सुबह 04 03 4110 4113 0400 01 00005537
सुरक्षिततः 04 03 4112 4113 0400 01 00013133
सूक्ष्मतः 04 03 4112 4113 0400 01 00011074
से 04 01 0400 01 00008220
सोच_विचार_कर 04 02 4226 0400 01 00001807
सोच_समझ_कर 04 02 4226 0400 01 00001807
सोच-विचारकर 04 02 4226 0400 01 00001807
सोच-समझकर 04 02 4226 0400 01 00001807
सोद्देश्य 04 02 4224 0400 01 00001451
स्पष्टतः 04 03 4224 4112 0400 01 00000528
स्पष्टतया 04 03 4224 4112 0400 01 00000528
स्फूर्तिपूर्वक 04 01 0400 01 00001921
स्यत् 04 02 4113 0400 01 00004084
स्वगत 04 02 4113 0400 01 00011328
स्वतंत्र_रूप_से 04 03 4229 4113 0400 01 00000896
स्वतः 04 02 4113 0400 02 00004501 00012384
स्वभावतः 04 02 4112 0400 01 00001026
स्वयं 04 02 4113 0400 01 00004501
स्वाधीनतः 04 03 4229 4113 0400 01 00000896
स्वेच्छतः 04 03 4112 4113 0400 01 00000857
स्वेच्छया 04 03 4112 4113 0400 01 00000857
स्वेच्छापूर्वक 04 03 4112 4113 0400 01 00000857
हक्का-बक्का 04 02 4113 0400 01 00010845
हतबुद्धि 04 02 4113 0400 01 00010845
हमेशा 04 02 4113 0400 01 00007161
हमेशा_की_तरह 04 02 4113 0400 01 00024615
हर_क्षण 04 01 0400 01 00007875
हर_जगह 04 02 4113 0400 01 00000929
हरगिज़ 04 02 4113 0400 01 00012368
हरदम 04 02 4113 0400 01 00007161
हरदिन 04 01 0400 01 00006459
हररोज़ 04 01 0400 01 00006459
हरवक्त 04 02 4113 0400 01 00007161
हरसमय 04 02 4113 0400 01 00007161
हरसाल 04 03 4110 4113 0400 01 00011091
हर्षपूर्वक 04 04 4110 4218 4113 0400 01 00002479
हवा_की_ओर 04 02 4113 0400 01 00009597
हवा_की_तरफ 04 02 4113 0400 01 00009597
हवा_के_अनुकूल 04 02 4113 0400 01 00009597
हवानुकूल 04 02 4113 0400 01 00009597
हस्ब-ए-मामूल 04 02 4113 0400 01 00024615
हस्बे-मामूल 04 02 4113 0400 01 00024615
हस्बेमामूल 04 02 4113 0400 01 00024615
हाज़िर 04 02 4113 0400 01 00010870
हाजिर 04 02 4113 0400 01 00010870
हाथ_द्वारा 04 02 4113 0400 01 00002887
हाथ_से 04 02 4113 0400 01 00002887
हाथो_हाथ 04 02 4113 0400 01 00001922
हाथो-हाथ 04 02 4113 0400 01 00001922
हाथों_हाथ 04 02 4113 0400 01 00001922
हाथों-हाथ 04 02 4113 0400 01 00001922
हितार्थ 04 02 4113 0400 01 00022150
हू-ब-हू 04 02 4113 0400 01 00003916
हूबहू 04 02 4113 0400 01 00003916
होते_हवाते 04 02 4224 0400 01 00002093
हौले 04 02 4113 0400 01 00010084
हौले-हौले 04 02 4113 0400 01 00010085
